# ANUBIS HNL |U_{\mu}|^2 sensitivity (BC7 benchmark)
# Source: HNLCalc + DDC species_split fallback
# kind: contour
# mass_GeV  u2
0.1  3.835561105e-05
0.1050765849  2.994310125e-05
0.1061587575  2.844768483e-05
0.1061799914  2.841925078e-05
0.110410887  2.337567875e-05
0.1160159894  1.824773938e-05
0.1219056397  1.424078838e-05
0.128094283  1.110596785e-05
0.1345970981  8.650507811e-06
0.1349633023  8.532319849e-06
0.1349768  8.527999822e-06
0.1349902977  8.523665709e-06
0.1400673808  5.74348268e-06
0.1400813889  5.735188313e-06
0.1400953971  5.726900641e-06
0.1414300341  4.973474145e-06
0.1486098498  2.348079437e-06
0.1561541551  1.227626484e-06
0.1640814534  7.161975046e-07
0.1724111877  4.533739199e-07
0.1811637881  3.246623178e-07
0.1903607216  2.687875692e-07
0.191400858  2.58497568e-07
0.19142  2.645140411e-07
0.191439142  2.576199021e-07
0.2000245453  2.18102623e-07
0.2101789612  1.926225071e-07
0.2112956193  1.888770536e-07
0.211316751  1.862184839e-07
0.2113378827  1.894065613e-07
0.2208488747  1.618685952e-07
0.2320604554  1.411220013e-07
0.2438412015  1.23144967e-07
0.2452042426  1.25624369e-07
0.2452532884  1.209422726e-07
0.2562200072  9.546848396e-08
0.2692272334  7.832730198e-08
0.2828947826  6.531923609e-08
0.2972561765  5.698024127e-08
0.3123466387  5.01240768e-08
0.3282031811  4.388113296e-08
0.3448646943  3.863991237e-08
0.3623720434  3.455388691e-08
0.3807681679  3.078236631e-08
0.4000981874  2.784659737e-08
0.4204095116  2.533460822e-08
0.4417519575  2.344112411e-08
0.4641778708  2.091191862e-08
0.4877422546  1.886073769e-08
0.4941385802  1.897449237e-08
0.4941879989  1.880725262e-08
0.4942374178  1.893146596e-08
0.5125029044  1.820800866e-08
0.5385205496  1.604104833e-08
0.5478072138  1.544582234e-08
0.547862  1.525861862e-08
0.5479167862  1.555204543e-08
0.5658590026  1.446312182e-08
0.5945853155  1.354800683e-08
0.599275442  1.333956297e-08
0.5993353755  1.343988613e-08
0.599395309  1.285168171e-08
0.624769944  1.235488723e-08
0.6564869208  1.126216556e-08
0.6898140368  1.011772819e-08
0.7248330322  9.453141787e-09
0.7616297967  8.598611041e-09
0.775182474  8.273878653e-09
0.77526  8.332894788e-09
0.775337526  8.188814414e-09
0.7755434369  8.09953873e-09
0.775620999  8.166908663e-09
0.7756985611  8.390099086e-09
0.782581734  8.144626539e-09
0.78266  8.049396978e-09
0.782738266  7.934929091e-09
0.8002945801  7.635382716e-09
0.8061410023  7.669762238e-09
0.8062216245  7.646106596e-09
0.8063022467  7.626617223e-09
0.8409222142  6.938348399e-09
0.8431473013  6.994198532e-09
0.8432316245  6.968805859e-09
0.8433159477  6.925320228e-09
0.8674248733  6.62247775e-09
0.8675116245  6.610996498e-09
0.8675983757  6.51025839e-09
0.8806802987  6.452206405e-09
0.8807683755  6.411307611e-09
0.8808564523  6.224534125e-09
0.8836123445  6.162565609e-09
0.8920917808  6.079205752e-09
0.892180999  5.939957886e-09
0.892270217  6.006651089e-09
0.9048211333  5.716798875e-09
0.9049116245  5.604876927e-09
0.9050021157  5.63467849e-09
0.9112778642  5.451368419e-09
0.911369001  5.514879803e-09
0.911460138  5.594997362e-09
0.9284696756  5.055998846e-09
0.9482841631  4.978423961e-09
0.948379001  4.839592071e-09
0.948473839  5.050549396e-09
0.957684222  4.669955521e-09
0.95778  4.571944097e-09
0.957875778  4.749772079e-09
0.9670449103  4.511668254e-09
0.9671416245  4.658946898e-09
0.9672383387  4.505264532e-09
0.9725617351  4.61903431e-09
0.9726590011  4.504095442e-09
0.9727562669  4.70886963e-09
0.9756042272  4.524189333e-09
0.9812434903  4.329871585e-09
0.9813416245  4.281804067e-09
0.9814397587  4.422880032e-09
0.9839732173  4.457959812e-09
0.9840716245  4.247577152e-09
0.9841700317  4.31331118e-09
0.9886427503  4.482708796e-09
0.9887416245  4.247143391e-09
0.9888404987  4.354717242e-09
0.9972286427  4.144932827e-09
0.9974281083  4.317613209e-09
0.9999  4.205306045e-09
1  4.264208782e-09
1.0001  4.246685802e-09
1.009957995  4.043010929e-09
1.010059001  4.069526341e-09
1.010160007  4.016314546e-09
1.019358054  3.990276689e-09
1.01946  4.110736865e-09
1.019561946  3.949104413e-09
1.025131604  3.976371e-09
1.072181772  3.504795472e-09
1.072289001  3.48962801e-09
1.07239623  3.533023822e-09
1.077173281  3.528161213e-09
1.086380352  3.323130869e-09
1.086489001  3.419921309e-09
1.08659765  3.332206702e-09
1.089110079  3.306518303e-09
1.089219001  3.353783895e-09
1.089327923  3.320687653e-09
1.093779612  3.240372138e-09
1.093889001  3.37024236e-09
1.09399839  3.425459455e-09
1.131856897  3.046155255e-09
1.189316574  2.644506043e-09
1.216018011  2.611620046e-09
1.216139625  2.603265075e-09
1.216261238  2.625520991e-09
1.24969324  2.374931248e-09
1.265378074  2.399992922e-09
1.265504624  2.398814939e-09
1.265631175  2.448924653e-09
1.266263985  2.356783792e-09
1.266390625  2.369135191e-09
1.266517264  2.389917863e-09
1.313134978  2.189787731e-09
1.314698142  2.186794348e-09
1.314829624  2.239474272e-09
1.314961107  2.160573733e-09
1.321154872  2.195597534e-09
1.321287001  2.147435686e-09
1.32141913  2.239000125e-09
1.364944116  2.03955452e-09
1.365080625  2.063192711e-09
1.365217133  2.002770871e-09
1.370514936  2.074446612e-09
1.370652001  2.079813991e-09
1.370789066  2.047087822e-09
1.371400847  2.014982322e-09
1.371538001  2.076146014e-09
1.371675155  1.967467063e-09
1.379797391  2.020576327e-09
1.419835003  1.905657108e-09
1.419977001  1.985594792e-09
1.420118999  1.932468696e-09
1.449843977  1.864132971e-09
1.470080978  1.871465405e-09
1.470228001  1.842708092e-09
1.470375024  1.903121663e-09
1.47765222  1.844592642e-09
1.4778  1.840411582e-09
1.47794778  1.820860575e-09
1.492380747  1.842022808e-09
1.49253  1.896224752e-09
1.492679253  1.818988341e-09
1.495480437  1.782583182e-09
1.49563  1.870459212e-09
1.495779563  1.829679749e-09
1.523446538  1.853540654e-09
1.600785595  1.790924974e-09
1.619449273  1.782325998e-09
1.619611234  1.80384805e-09
1.619773196  1.823083153e-09
1.621487835  1.77700529e-09
1.62165  1.805577819e-09
1.621812165  1.854463032e-09
1.628861922  1.885146266e-09
1.629024825  1.817812785e-09
1.629187727  1.824757851e-09
1.632966687  1.827973131e-09
1.63313  1.85178749e-09
1.633293313  1.873084513e-09
1.637476236  1.854108618e-09
1.63764  1.842245454e-09
1.637803764  1.854172894e-09
1.682050835  1.977874496e-09
1.724586135  2.081921525e-09
1.724758611  2.074501034e-09
1.724931087  2.085355465e-09
1.733998784  2.107552894e-09
1.734172201  2.179798459e-09
1.734345618  2.126086713e-09
1.763825224  2.330995869e-09
1.764001625  2.351459395e-09
1.764178025  2.299122402e-09
1.767441575  2.340296232e-09
1.777263255  2.400141335e-09
1.777440999  2.374831119e-09
1.777618743  2.424060512e-09
1.857167247  4.056020852e-09
1.862505355  5.433383929e-09
1.862691625  5.422389042e-09
1.862877894  5.572585262e-09
1.868962086  5.448810152e-09
1.869149001  5.400946674e-09
1.869335916  5.43842603e-09
1.869983982  5.414657159e-09
1.870170999  5.501590751e-09
1.870358016  5.431923104e-09
1.882400117  5.426653146e-09
1.882776634  5.447615684e-09
1.91630874  5.380239332e-09
1.91650039  5.352987034e-09
1.91669204  5.463947407e-09
1.95144792  5.227781941e-09
1.967642217  5.236355629e-09
1.967839001  5.201530925e-09
1.968035785  5.239501363e-09
1.968664113  5.149853095e-09
1.968860999  5.173433726e-09
1.969057885  5.316534814e-09
1.975120844  5.217305757e-09
1.975318375  5.261830833e-09
1.975515907  5.278747934e-09
2.050514831  5.146143989e-09
2.073800975  5.174815339e-09
2.074008376  5.120873828e-09
2.074215776  5.166202042e-09
2.154610957  5.094209752e-09
2.263991613  5.10257872e-09
2.270379939  5.095360148e-09
2.270607  5.189969372e-09
2.270834061  5.151855868e-09
2.37892507  5.318517698e-09
2.499693221  5.872139804e-09
2.54444553  5.994608478e-09
2.5447  6.037395259e-09
2.54495447  6.025912019e-09
2.551784796  6.006234648e-09
2.55204  6.100739582e-09
2.552295204  5.956532142e-09
2.62659227  6.528087547e-09
2.66833314  6.920838125e-09
2.6686  6.831188297e-09
2.66886686  6.832935804e-09
2.698060167  7.241495877e-09
2.69833  7.178698864e-09
2.698599833  7.209657474e-09
2.719548018  7.315725568e-09
2.71982  7.305115988e-09
2.720091982  7.309990784e-09
2.726947278  7.528480967e-09
2.72722  7.515210716e-09
2.727407232  7.668598196e-09
2.727492722  7.533603634e-09
2.72768  7.505345458e-09
2.727952768  7.47144392e-09
2.759933457  7.903958389e-09
2.900043823  9.957227451e-09
2.954322538  1.110668129e-08
2.954618  1.132496491e-08
2.954913462  1.111943611e-08
3.047267011  1.329638935e-08
3.096013368  1.401083537e-08
3.096323  1.397191519e-08
3.096632632  1.401394683e-08
3.148756717  1.444248506e-08
3.149071624  1.453822525e-08
3.149386532  1.430626031e-08
3.163485244  1.469118693e-08
3.163801625  1.451103551e-08
3.164118005  1.461814183e-08
3.166584934  1.448205119e-08
3.166901624  1.428005295e-08
3.167218315  1.444554351e-08
3.201964109  1.422732893e-08
3.253893579  1.503714984e-08
3.254219001  1.447376315e-08
3.254544423  1.449885884e-08
3.268622106  1.454884005e-08
3.268949001  1.445951775e-08
3.269275896  1.464014059e-08
3.271721796  1.468844805e-08
3.272049001  1.436063571e-08
3.272376206  1.465670602e-08
3.292592332  1.425712582e-08
3.292921624  1.43840662e-08
3.293250917  1.45713079e-08
3.304071184  1.434939187e-08
3.304401625  1.44442578e-08
3.304732065  1.457698833e-08
3.308580733  1.453435733e-08
3.308911624  1.466637669e-08
3.309242516  1.439381321e-08
3.362883288  1.418933613e-08
3.36321961  1.416435151e-08
3.363555932  1.424663042e-08
3.364514536  1.439557998e-08
3.36716645  1.436977444e-08
3.3675032  1.410041097e-08
3.36783995  1.479100073e-08
3.397729194  1.416709886e-08
3.398069001  1.424138562e-08
3.398408808  1.421898684e-08
3.409208046  1.420689551e-08
3.409549001  1.443115011e-08
3.409889956  1.439381321e-08
3.413717595  1.428578045e-08
3.414059001  1.438812328e-08
3.414400407  1.417587536e-08
3.502129752  1.385058443e-08
3.50248  1.385351753e-08
3.502830248  1.396963761e-08
3.535316974  1.369701643e-08
3.553504614  1.425098254e-08
3.55386  1.383552638e-08
3.554215386  1.373953407e-08
3.646225341  1.400044257e-08
3.64659  1.411421002e-08
3.646954659  1.414888606e-08
3.714790342  1.414732189e-08
3.744905472  1.452066449e-08
3.74528  1.384510924e-08
3.745654528  1.419763422e-08
3.903374829  1.483719229e-08
4.101532967  1.699010748e-08
4.215550027  2.054106156e-08
4.215971624  1.982167264e-08
4.216393222  1.990706165e-08
4.309750771  2.550006815e-08
4.320686889  2.640717875e-08
4.321119001  2.600354463e-08
4.321551113  2.627543819e-08
4.369164664  3.439207137e-08
4.369601624  3.122356026e-08
4.370038585  3.251691794e-08
4.390652515  4.00006508e-08
4.398931474  4.314673294e-08
4.398931474  4.649911224e-08
4.390652515  5.34109384e-08
4.370038585  7.483893596e-08
4.369601624  7.455172252e-08
4.369164664  6.923133948e-08
4.321551113  9.764903791e-08
4.321119001  9.222309245e-08
4.320686889  9.31182554e-08
4.309750771  1.017850324e-07
4.216393222  1.569213249e-07
4.215971624  1.589241066e-07
4.215550027  1.497568015e-07
4.101532967  2.369268377e-07
3.903374829  4.238648238e-07
3.745654528  6.336433616e-07
3.74528  6.772520457e-07
3.744905472  6.785852428e-07
3.714790342  7.153722078e-07
3.646954659  8.68139828e-07
3.64659  8.3177624e-07
3.646225341  8.828949179e-07
3.554215386  1.102096556e-06
3.55386  1.081592633e-06
3.553504614  1.081344386e-06
3.535316974  1.224562503e-06
3.502830248  1.340419706e-06
3.50248  1.304489759e-06
3.502129752  1.301621949e-06
3.414400407  1.720346975e-06
3.414059001  1.758791819e-06
3.413717595  1.724697167e-06
3.409889956  1.681224901e-06
3.409549001  1.653377369e-06
3.409208046  1.687818902e-06
3.398408808  1.700625645e-06
3.398069001  1.797388369e-06
3.397729194  1.68418885e-06
3.36783995  1.776795523e-06
3.3675032  1.795409056e-06
3.36716645  2.047009186e-06
3.364514536  1.960524316e-06
3.363555932  1.9000243e-06
3.36321961  1.871432967e-06
3.362883288  1.926528289e-06
3.309242516  2.245256018e-06
3.308911624  2.223986576e-06
3.308580733  2.327028798e-06
3.304732065  2.274167819e-06
3.304401625  2.225303869e-06
3.304071184  2.233364219e-06
3.293250917  2.175063416e-06
3.292921624  2.582830744e-06
3.292592332  2.356907451e-06
3.272376206  2.521384028e-06
3.272049001  2.510131373e-06
3.271721796  2.395845573e-06
3.269275896  2.441835883e-06
3.268949001  2.494806958e-06
3.268622106  2.496584049e-06
3.254544423  2.631554703e-06
3.254219001  2.806906498e-06
3.253893579  2.46294822e-06
3.201964109  3.070796073e-06
3.167218315  3.475698317e-06
3.166901624  3.408223575e-06
3.166584934  3.459308212e-06
3.164118005  3.205409986e-06
3.163801625  3.329438616e-06
3.163485244  3.277014116e-06
3.149386532  3.381429536e-06
3.149071624  3.440617172e-06
3.148756717  3.571028988e-06
3.096632632  5.01969215e-06
3.096323  4.086601638e-06
3.096013368  4.024533772e-06
3.047267011  4.670992605e-06
2.954913462  6.216636891e-06
2.954618  6.265001557e-06
2.954322538  6.487485737e-06
2.900043823  1.016047619e-05
2.759933457  1.469489006e-05
2.727952768  1.970590361e-05
2.72768  1.488800504e-05
2.727492722  1.661095853e-05
2.727407232  1.414390252e-05
2.72722  1.932551984e-05
2.726947278  7.016392758e-05
2.720091982  1.667755436e-05
2.71982  1.420006206e-05
2.719548018  2.03610443e-05
2.698599833  1.908274598e-05
2.69833  1.771439044e-05
2.698060167  1.804896197e-05
2.66886686  1.809311003e-05
2.6686  2.784492765e-05
2.66833314  2.013721608e-05
2.62659227  2.169135196e-05
2.552295204  2.950531865e-05
2.55204  2.762797666e-05
2.551784796  2.441507603e-05
2.54495447  2.8625195e-05
2.5447  3.313031969e-05
2.54444553  2.890542843e-05
2.499693221  2.679355842e-05
2.37892507  6.788160713e-05
2.270834061  6.616742383e-05
2.270607  7.949115494e-05
2.270379939  0.000399000752
2.263991613  6.287317219e-05
2.154610957  0.0001130850388
2.074215776  0.0001421814757
2.074008376  0.000159106949
2.073800975  0.0001358091008
2.050514831  0.0004062397819
1.975515907  0.0001921502935
1.975318375  0.0002157605628
1.975120844  0.0001720788272
1.969057885  0.0003358289751
1.968860999  0.0002254071205
1.968664113  0.0002063481723
1.968035785  0.0002002373573
1.967839001  0.0004269222759
1.967642217  0.0001943814811
1.95144792  0.0002093537465
1.91669204  0.0002244346906
1.91650039  0.0002588988291
1.91630874  0.0002746680769
1.882776634  0.0003764496423
1.882400117  0.0002426915338
1.870358016  0.0004119826691
1.870170999  0.0003520223446
1.869983982  0.0002723441188
1.869335916  0.00027008132
1.869149001  0.0003866466482
1.868962086  0.0006860339712
1.862877894  0.0002768181551
1.862691625  0.0002746034271
1.862505355  0.0002837529391
1.857167247  0.0003722962587
1.777618743  0.0003975162706
1.777440999  0.0003867804353
1.777263255  0.0004128503368
1.767441575  0.0003243256847
1.764178025  0.0004396268493
1.764001625  0.0006642462351
1.763825224  0.0005767820808
1.734345618  0.0005625147584
1.734172201  0.001001138542
1.733998784  0.0008537943001
1.724931087  0.0007520799972
1.724758611  0.0004865110313
1.724586135  0.0005540164295
1.682050835  0.0007585550097
1.637803764  0.000988301895
1.63764  0.0009218609648
1.637476236  0.001227386734
1.633293313  0.0008309842525
1.63313  0.0008346109337
1.632966687  0.000855498873
1.629187727  0.001762780849
1.629024825  0.000730583639
1.628861922  0.0008402784347
1.621812165  0.0009334683319
1.62165  0.0006690594066
1.621487835  0.001974849511
1.619773196  0.0009803565931
1.619611234  0.001247234397
1.619449273  0.002403649699
1.600785595  0.000675575465
1.523446538  0.003057406181
1.495779563  0.001243292936
1.49563  0.001690976267
1.495480437  0.00391112079
1.492679253  0.001328069568
1.49253  0.003350179326
1.492380747  0.001461777204
1.47794778  0.002056649086
1.4778  0.001509902745
1.47765222  0.001669671063
1.470375024  0.001504581687
1.470228001  0.001146059468
1.470080978  0.004758665172
1.449843977  0.002232762709
1.420118999  0.003275361936
1.419977001  0.0018446527
1.419835003  0.002106361549
1.379797391  0.002343595799
1.371675155  0.002532317569
1.371538001  0.002097597751
1.371400847  0.001979683967
1.370789066  0.00221686002
1.370652001  0.004758779422
1.370514936  0.002939708309
1.365217133  0.00796547073
1.365080625  0.002947557462
1.364944116  0.004421809998
1.32141913  0.002776640756
1.321287001  0.002541556044
1.321154872  0.003538107354
1.314961107  0.00427042691
1.314829624  0.005830245588
1.314698142  0.005110525695
1.313134978  0.009238449963
1.266517264  0.004637483736
1.266390625  0.006673668405
1.266263985  0.007086739553
1.265631175  0.003460245019
1.265504624  0.005887690424
1.265378074  0.0056264673
1.24969324  0.01109089863
1.216261238  0.005838007498
1.216139625  0.004288547065
1.216018011  0.006552889599
1.189316574  0.009651637067
1.131856897  0.007312857614
1.09399839  0.02097771195
1.093889001  0.008890752016
1.093779612  0.009211608667
1.089327923  0.01135200918
1.089219001  0.009536156558
1.089110079  0.01526767435
1.08659765  0.0208588062
1.086489001  0.0180873113
1.086380352  0.01898212719
1.077173281  0.01114581464
1.07239623  0.01152453559
1.072289001  0.01041546052
1.072181772  0.01950741793
1.025131604  0.01608360364
1.019561946  0.02754038398
1.01946  0.01882795102
1.019358054  0.05575362268
1.010160007  0.02333320495
1.010059001  0.01443191237
1.009957995  0.03238228684
1.0001  0.02581622883
1  0.01707210362
0.9999  0.01461541656
0.9974281083  0.02312770764
0.9972286427  0.01475205037
0.9888404987  0.03329240148
0.9887416245  0.01744230195
0.9886427503  0.03295364761
0.9841700317  0.04039641019
0.9840716245  0.02153940708
0.9839732173  0.02340524282
0.9814397587  0.02016277592
0.9813416245  0.02067681309
0.9812434903  0.01790240916
0.9756042272  0.01705894259
0.9727562669  0.02379141864
0.9726590011  0.03121965508
0.9725617351  0.01943791818
0.9672383387  0.02955617948
0.9671416245  0.02550689013
0.9670449103  0.04025061231
0.957875778  0.04920354673
0.95778  0.03107645619
0.957684222  0.02173269303
0.948473839  0.02448234405
0.948379001  0.02998567703
0.9482841631  0.03440195712
0.9284696756  0.05211548169
0.911460138  0.04871328874
0.911369001  0.0430535878
0.9112778642  0.06970341217
0.9050021157  0.04159069475
0.9049116245  0.0370058224
0.9048211333  0.03331470376
0.892270217  0.03520451852
0.892180999  0.05999963387
0.8920917808  0.04873691351
0.8836123445  0.07855286843
0.8808564523  0.0798552768
0.8807683755  0.05845342963
0.8806802987  0.05264005385
0.8675983757  0.0612217187
0.8675116245  0.06855665213
0.8674248733  0.08074917843
0.8433159477  0.0662916986
0.8432316245  0.07499803699
0.8431473013  0.06562469706
0.8409222142  0.05233114334
0.8063022467  0.07845726754
0.8062216245  0.1084799121
0.8061410023  0.1008928221
0.8002945801  0.06575532961
0.782738266  0.09663823216
0.78266  0.09477803771
0.782581734  0.1013018723
0.7756985611  0.1121465372
0.775620999  0.1690149258
0.7755434369  0.1191738666
0.775337526  0.110099805
0.77526  0.08912379952
0.775182474  0.09037863452
0.7616297967  0.1267599549
0.7248330322  0.1522085206
0.6898140368  0.1996727535
0.6564869208  0.1938824972
0.624769944  0.4381514439
0.599395309  0.4195392999
0.5993353755  0.4056931098
0.599275442  0.4149751151
0.5945853155  0.36426009
0.5658590026  0.4520187536
0.5479167862  0.6225938317
0.4941879989  0.9516419136
0.4941385802  0.9467634988
