# ANUBIS HNL |U_{\tau}|^2 sensitivity (BC8 benchmark)
# Source: HNLCalc + DDC species_split fallback
# kind: contour
# mass_GeV  u2
0.1  3.835561105e-05
0.1050765849  2.994310125e-05
0.1061587575  2.844768483e-05
0.1061693745  2.843346354e-05
0.1061799914  2.841925078e-05
0.110410887  2.386337871e-05
0.1160159894  2.042453515e-05
0.1219056397  1.823238596e-05
0.128094283  1.573242443e-05
0.1345970981  1.443063632e-05
0.1349633023  1.41742418e-05
0.1349768  1.403119714e-05
0.1349902977  1.407802288e-05
0.1400673808  7.577407973e-06
0.1400813889  7.392849225e-06
0.1400953971  7.248107224e-06
0.1414300341  6.084550719e-06
0.1486098498  3.154205422e-06
0.1561541551  2.1716608e-06
0.1640814534  1.638336384e-06
0.1724111877  1.319096879e-06
0.1811637881  1.232737956e-06
0.1903607216  1.450142651e-06
0.191400858  2.369672419e-06
0.19142  2.439012065e-06
0.191439142  2.421749573e-06
0.2000245453  2.062479537e-06
0.2101789612  1.715584161e-06
0.2112956193  1.717306521e-06
0.211316751  1.702060272e-06
0.2113378827  1.694176839e-06
0.2208488747  1.500932232e-06
0.2320604554  1.26110823e-06
0.2438412015  1.128540346e-06
0.2452042426  1.096977586e-06
0.2452287655  1.107025729e-06
0.2452532884  1.104687244e-06
0.2562200072  9.891080438e-07
0.2692272334  8.661777329e-07
0.2828947826  7.700262561e-07
0.2972561765  6.777839939e-07
0.3123466387  6.149691825e-07
0.3282031811  5.572042295e-07
0.3448646943  4.949328788e-07
0.3623720434  4.532950976e-07
0.3807681679  4.067506039e-07
0.4000981874  3.755670648e-07
0.4204095116  3.371641494e-07
0.4417519575  3.07796554e-07
0.4641778708  2.779764314e-07
0.4877422546  2.597848682e-07
0.4941385802  2.546435131e-07
0.4941879989  2.529471469e-07
0.4942374178  2.533534407e-07
0.5125029044  2.357919043e-07
0.5385205496  2.185735343e-07
0.5478072138  2.140381209e-07
0.547862  2.099559044e-07
0.5479167862  2.105376016e-07
0.5658590026  2.023465409e-07
0.5945853155  1.861296985e-07
0.599275442  1.846982622e-07
0.5993353755  1.845837398e-07
0.599395309  1.852537155e-07
0.624769944  1.723840139e-07
0.6564869208  1.558306904e-07
0.6898140368  1.47668797e-07
0.7248330322  1.370804447e-07
0.7616297967  1.30579206e-07
0.775182474  1.239361027e-07
0.77526  1.265098761e-07
0.775337526  1.233695808e-07
0.7755434369  1.253626406e-07
0.775620999  1.251005199e-07
0.7756985611  1.275222414e-07
0.782581734  1.249642792e-07
0.78266  1.229935695e-07
0.782738266  1.238820032e-07
0.8002945801  1.207289778e-07
0.8061410023  1.185867185e-07
0.8062216245  1.175487727e-07
0.8063022467  1.174807294e-07
0.8409222142  1.096898449e-07
0.8431473013  1.091351579e-07
0.8432316245  1.10483526e-07
0.8433159477  1.1185023e-07
0.8674248733  1.070124747e-07
0.8675116245  1.064432992e-07
0.8675983757  1.06338336e-07
0.8806802987  1.02053552e-07
0.8807683755  1.023520241e-07
0.8808564523  1.040523254e-07
0.8836123445  1.034465433e-07
0.8920917808  1.0204466e-07
0.892180999  1.008094821e-07
0.892270217  1.008273349e-07
0.9048211333  1e-07
0.9049116245  1.000308296e-07
0.9050021157  9.956089357e-08
0.9112778642  9.917025479e-08
0.911369001  9.954559666e-08
0.911460138  9.711646981e-08
0.9284696756  9.506263475e-08
0.9482841631  9.464290308e-08
0.948379001  9.302869813e-08
0.948473839  9.29609117e-08
0.957684222  9.341282239e-08
0.95778  9.192228618e-08
0.957875778  9.263443584e-08
0.9670449103  9.210099518e-08
0.9671416245  9.192323355e-08
0.9672383387  9.195674232e-08
0.9725617351  9.002054421e-08
0.9726590011  9.088836706e-08
0.9727562669  9.042036921e-08
0.9756042272  9.08931359e-08
0.9812434903  9.022860404e-08
0.9813416245  9.011218671e-08
0.9814397587  9.04478217e-08
0.9839732173  9.070725166e-08
0.9840716245  8.905022267e-08
0.9841700317  9.073164587e-08
0.9886427503  8.927301757e-08
0.9887416245  9.025726676e-08
0.9888404987  8.96093889e-08
0.9972286427  8.803392495e-08
0.9973283755  8.807096677e-08
0.9974281083  8.792684715e-08
0.9999  8.948379305e-08
1  8.882532064e-08
1.0001  9.127459927e-08
1.009957995  8.990481651e-08
1.010059001  8.858322373e-08
1.010160007  8.931401158e-08
1.019358054  8.917554418e-08
1.01946  8.815657726e-08
1.019561946  8.826600227e-08
1.025131604  8.754821876e-08
1.072181772  8.15809093e-08
1.072289001  8.260501778e-08
1.07239623  8.204134964e-08
1.077173281  7.995444457e-08
1.086380352  8.130376871e-08
1.086489001  7.966670505e-08
1.08659765  8.12966847e-08
1.089110079  8.012099571e-08
1.089219001  8.062477318e-08
1.089327923  8.005713889e-08
1.093779612  8.012955384e-08
1.093889001  7.960045081e-08
1.09399839  7.9286792e-08
1.131856897  7.855196686e-08
1.189316574  7.691350522e-08
1.216018011  7.848516898e-08
1.216139625  7.800754986e-08
1.216261238  7.790507593e-08
1.24969324  7.861926355e-08
1.265378074  7.899183342e-08
1.265504624  7.970373592e-08
1.265631175  7.860202893e-08
1.266263985  8.016304443e-08
1.266390625  7.875063584e-08
1.266517264  7.9185531e-08
1.313134978  8.315697481e-08
1.314698142  8.282441286e-08
1.314829624  8.346334156e-08
1.314961107  8.404465353e-08
1.321154872  8.384692539e-08
1.321287001  8.271646379e-08
1.32141913  8.376447982e-08
1.364944116  9.010154937e-08
1.365080625  9.012231868e-08
1.365217133  8.909553849e-08
1.370514936  9.190170479e-08
1.370652001  9.27006814e-08
1.370789066  9.017443185e-08
1.371400847  9.043511118e-08
1.371538001  9.154034583e-08
1.371675155  9.143611331e-08
1.379797391  9.256641633e-08
1.419835003  1.019533951e-07
1.419977001  1.01862689e-07
1.420118999  1.009099333e-07
1.449843977  1.111247901e-07
1.470080978  1.125770304e-07
1.470228001  1.132884907e-07
1.470375024  1.129238417e-07
1.47765222  1.171834753e-07
1.4778  1.139263934e-07
1.47794778  1.140976268e-07
1.492380747  1.163489672e-07
1.49253  1.183364372e-07
1.492679253  1.169173127e-07
1.495480437  1.162498102e-07
1.49563  1.185651657e-07
1.495779563  1.166707734e-07
1.523446538  1.219971516e-07
1.600785595  1.255901228e-07
1.619449273  1.243599626e-07
1.619611234  1.215126751e-07
1.619773196  1.231832783e-07
1.621487835  1.215346498e-07
1.62165  1.224056639e-07
1.621812165  1.230904055e-07
1.628861922  1.219990947e-07
1.629024825  1.226095137e-07
1.629187727  1.204879467e-07
1.632966687  1.214018376e-07
1.63313  1.200322911e-07
1.633293313  1.23098248e-07
1.637476236  1.204535208e-07
1.63764  1.203111809e-07
1.637803764  1.202231769e-07
1.682050835  1.142402146e-07
1.724586135  1.064839965e-07
1.724758611  1.063926487e-07
1.724931087  1.075740097e-07
1.733998784  1.055731468e-07
1.734172201  1.060271465e-07
1.734345618  1.069607518e-07
1.763825224  1.010887816e-07
1.764001625  1.014393509e-07
1.764178025  1.002611802e-07
1.767441575  9.946262391e-08
1.777263255  1.001599671e-07
1.777440999  9.985329169e-08
1.777618743  9.988211078e-08
1.857167247  9.20788209e-08
1.862505355  9.116537345e-08
1.862691625  9.093231793e-08
1.862877894  8.911256917e-08
1.868962086  8.916535157e-08
1.869149001  8.933443195e-08
1.869335916  9.020206321e-08
1.869983982  9.020088004e-08
1.870170999  8.887976489e-08
1.870358016  8.869542201e-08
1.882400117  8.892116152e-08
1.882776634  8.784220046e-08
1.91630874  8.418335637e-08
1.91650039  8.491109409e-08
1.91669204  8.394848406e-08
1.95144792  8.057968882e-08
1.967642217  7.974818075e-08
1.967839001  7.972009172e-08
1.968035785  8.049276312e-08
1.968664113  8.131260554e-08
1.968860999  8.069641626e-08
1.969057885  8.078061011e-08
1.975120844  7.927862099e-08
1.975318375  8.078061011e-08
1.975515907  7.995991328e-08
2.050514831  7.318426653e-08
2.073800975  7.23346043e-08
2.074008376  7.177286564e-08
2.074215776  7.068959098e-08
2.154610957  6.673515215e-08
2.263991613  5.976354638e-08
2.270379939  6.025578924e-08
2.270607  6.025528115e-08
2.270834061  6.013599782e-08
2.37892507  5.585140443e-08
2.499693221  5.070415371e-08
2.54444553  4.872975069e-08
2.5447  4.878315189e-08
2.54495447  4.816810965e-08
2.551784796  4.865096638e-08
2.55204  4.86154252e-08
2.552295204  4.813391336e-08
2.62659227  4.582356433e-08
2.66833314  4.512010662e-08
2.6686  4.5057922e-08
2.66886686  4.504276905e-08
2.698060167  4.424351362e-08
2.69833  4.371453004e-08
2.698599833  4.367445132e-08
2.719548018  4.39908368e-08
2.71982  4.347542289e-08
2.720091982  4.401643944e-08
2.726947278  4.352543124e-08
2.72722  4.367040046e-08
2.727407232  4.33612757e-08
2.727492722  4.333552632e-08
2.72768  4.335014554e-08
2.727952768  4.388549119e-08
2.759933457  4.265755221e-08
2.900043823  3.993235008e-08
2.954322538  3.923483902e-08
2.954618  3.963000148e-08
2.954913462  3.936452184e-08
3.047267011  3.880305924e-08
3.096013368  3.94293392e-08
3.096323  4.002899389e-08
3.096632632  3.941382648e-08
3.148756717  4.048886587e-08
3.149071624  3.970343893e-08
3.149386532  3.963022426e-08
3.163485244  4.068748597e-08
3.163801625  4.028902593e-08
3.164118005  4.024096397e-08
3.166584934  4.035324827e-08
3.166901624  4.017462419e-08
3.167218315  4.004681232e-08
3.201964109  4.099333165e-08
3.253893579  4.348817424e-08
3.254219001  4.278447569e-08
3.254544423  4.289441173e-08
3.268622106  4.355304808e-08
3.268949001  4.339488661e-08
3.269275896  4.398667418e-08
3.271721796  4.331632578e-08
3.272049001  4.341347117e-08
3.272376206  4.35140551e-08
3.292592332  4.465379749e-08
3.292921624  4.396384855e-08
3.293250917  4.449443169e-08
3.304071184  4.510404531e-08
3.304401625  4.551433412e-08
3.304732065  4.492530644e-08
3.308580733  4.48321282e-08
3.308911624  4.539534404e-08
3.309242516  4.566990697e-08
3.362883288  4.982712397e-08
3.36321961  4.873901976e-08
3.363555932  4.855874979e-08
3.364514536  4.879233969e-08
3.36716645  4.938827534e-08
3.3675032  4.947951747e-08
3.36783995  4.947845124e-08
3.397729194  5.216557913e-08
3.398069001  5.249235154e-08
3.398408808  5.234050284e-08
3.409208046  5.292029215e-08
3.409549001  5.339222597e-08
3.409889956  5.365650686e-08
3.413717595  5.388411753e-08
3.414059001  5.431363309e-08
3.414400407  5.377039327e-08
3.414400407  2.386489912e-06
3.414059001  2.511354609e-06
3.413717595  2.483409975e-06
3.409889956  2.550377162e-06
3.409549001  2.446092637e-06
3.409208046  2.537687086e-06
3.398408808  2.603889549e-06
3.398069001  2.612182892e-06
3.397729194  2.646741875e-06
3.36783995  3.063628954e-06
3.3675032  2.958753641e-06
3.36716645  2.863254452e-06
3.364514536  3.004142576e-06
3.363555932  2.910107943e-06
3.36321961  3.320183671e-06
3.362883288  2.96647854e-06
3.309242516  3.896196655e-06
3.308911624  4.116757233e-06
3.308580733  4.031039683e-06
3.304732065  3.919585596e-06
3.304401625  3.937817039e-06
3.304071184  4.084706803e-06
3.293250917  4.125257379e-06
3.292921624  4.226525366e-06
3.292592332  4.257809218e-06
3.272376206  4.52624563e-06
3.272049001  4.347530069e-06
3.271721796  4.417185833e-06
3.269275896  4.537025709e-06
3.268949001  4.588994417e-06
3.268622106  4.369127254e-06
3.254544423  4.849895956e-06
3.254219001  4.679315106e-06
3.253893579  4.845354099e-06
3.201964109  6.033052566e-06
3.167218315  7.281988006e-06
3.166901624  6.281302707e-06
3.166584934  6.65859451e-06
3.164118005  6.626977729e-06
3.163801625  6.937652858e-06
3.163485244  6.916906513e-06
3.149386532  7.077929122e-06
3.149071624  6.945857526e-06
3.148756717  6.70495196e-06
3.096632632  8.686271801e-06
3.096323  8.491029854e-06
3.096013368  8.929552011e-06
3.047267011  9.519909339e-06
2.954913462  1.457717953e-05
2.954618  1.570807792e-05
2.954322538  1.434853146e-05
2.900043823  1.461194566e-05
2.759933457  2.529085201e-05
2.727952768  2.949452554e-05
2.72768  4.885185081e-05
2.727492722  2.761823255e-05
2.727407232  2.589756134e-05
2.72722  3.009529018e-05
2.726947278  2.709228668e-05
2.720091982  2.810996276e-05
2.71982  3.192329168e-05
2.719548018  2.741030186e-05
2.698599833  3.7991913e-05
2.69833  2.99243818e-05
2.698060167  3.680294464e-05
2.66886686  3.603576992e-05
2.6686  3.855532704e-05
2.66833314  3.021679604e-05
2.62659227  3.455134562e-05
2.552295204  4.622023543e-05
2.55204  5.019609847e-05
2.551784796  5.272443351e-05
2.54495447  4.213193539e-05
2.5447  5.340578432e-05
2.54444553  4.489827072e-05
2.499693221  5.440477313e-05
2.37892507  8.479526115e-05
2.270834061  0.0002374855594
2.270607  0.0001142843213
2.270379939  0.0001305530272
2.263991613  0.0001336450134
2.154610957  0.0001679496242
2.074215776  0.0002741507259
2.074008376  0.0002266863737
2.073800975  0.0002462671324
2.050514831  0.0003245259199
1.975515907  0.0004858434797
1.975318375  0.0003336211544
1.975120844  0.0003501560851
1.969057885  0.000378017054
1.968860999  0.0003635541036
1.968664113  0.0003046993024
1.968035785  0.0003701440463
1.967839001  0.0003926080021
1.967642217  0.0002958647609
1.95144792  0.0008233029895
1.91669204  0.0004782674417
1.91650039  0.0004582998329
1.91630874  0.0003456627233
1.882776634  0.0004084253321
1.882400117  0.0005544343098
1.870358016  0.0006896999216
1.870170999  0.0006054978846
1.869983982  0.0004449632853
1.869335916  0.0005242774244
1.869149001  0.0006610957785
1.868962086  0.0005193403509
1.862877894  0.0005637310819
1.862691625  0.0004427644978
1.862505355  0.0004916781493
1.857167247  0.0004900682323
1.777618743  0.0009061801797
1.777440999  0.0005751227388
1.777263255  0.000949985285
1.767441575  0.0008416001307
1.764178025  0.0007564870066
1.764001625  0.0008358134874
1.763825224  0.001510699057
1.734345618  0.00124404771
1.734172201  0.0009695984188
1.733998784  0.0009479958522
1.724931087  0.0008581637191
1.724758611  0.00111046939
1.724586135  0.0007129343169
1.682050835  0.001149912446
1.637803764  0.001213659565
1.63764  0.00124689848
1.637476236  0.001342884106
1.633293313  0.003429387599
1.63313  0.001472228635
1.632966687  0.002907360877
1.629187727  0.001142416061
1.629024825  0.00121345604
1.628861922  0.00233712612
1.621812165  0.001574048564
1.62165  0.0014453531
1.621487835  0.001308724234
1.619773196  0.001346290539
1.619611234  0.00199576338
1.619449273  0.001611702772
1.600785595  0.002271346363
1.523446538  0.001644469789
1.495779563  0.002248259913
1.49563  0.002498779099
1.495480437  0.003852393051
1.492679253  0.00277332712
1.49253  0.002062603214
1.492380747  0.003422433529
1.47794778  0.002867469316
1.4778  0.003160781052
1.47765222  0.002308497815
1.470375024  0.002429282987
1.470228001  0.003480956598
1.470080978  0.003175708393
1.449843977  0.002822642813
1.420118999  0.003172102028
1.419977001  0.00348759823
1.419835003  0.003128001316
1.379797391  0.004084123218
1.371675155  0.008204332898
1.371538001  0.004365495746
1.371400847  0.007315963758
1.370789066  0.003527796787
1.370652001  0.004384796707
1.370514936  0.004397031598
1.365217133  0.00514357836
1.365080625  0.005401269276
1.364944116  0.004961938153
1.32141913  0.00561377188
1.321287001  0.006334099416
1.321154872  0.006744457803
1.314961107  0.006310259227
1.314829624  0.005202525202
1.314698142  0.006810479558
1.313134978  0.00463258574
1.266517264  0.007229617082
1.266390625  0.007944930978
1.266263985  0.01649441179
1.265631175  0.007203852284
1.265504624  0.007976589088
1.265378074  0.008826348
1.24969324  0.008399045612
1.216261238  0.009132823442
1.216139625  0.006911647872
1.216018011  0.01023433938
1.189316574  0.009654421537
1.131856897  0.03307376548
1.09399839  0.02435844022
1.093889001  0.03402945237
1.093779612  0.02982436653
1.089327923  0.03008350966
1.089219001  0.01740006386
1.089110079  0.01941421398
1.08659765  0.01986906308
1.086489001  0.05580596251
1.086380352  0.02025772294
1.077173281  0.03215089706
1.07239623  0.02428533712
1.072289001  0.02432221442
1.072181772  0.02153723776
1.025131604  0.02597681351
1.019561946  0.02656447573
1.01946  0.03002230979
1.019358054  0.02846146181
1.010160007  0.03329677651
1.010059001  0.03378539841
1.009957995  0.02106590981
1.0001  0.03352926173
1  0.0464203026
0.9999  0.03700863958
0.9974281083  0.0284288577
0.9973283755  0.03252686657
0.9972286427  0.04071875727
0.9888404987  0.03513434096
0.9887416245  0.03182217416
0.9886427503  0.03936290831
0.9841700317  0.06068851865
0.9840716245  0.03101498707
0.9839732173  0.04808247296
0.9814397587  0.03214231316
0.9813416245  0.0417650092
0.9812434903  0.04638464173
0.9756042272  0.03015066712
0.9727562669  0.03558601003
0.9726590011  0.03251199045
0.9725617351  0.05263658925
0.9672383387  0.05391795333
0.9671416245  0.04759297207
0.9670449103  0.03426153557
0.957875778  0.05653293511
0.95778  0.06537106174
0.957684222  0.03933120423
0.948473839  0.03855682619
0.948379001  0.04334698778
0.9482841631  0.05321167471
0.9284696756  0.05785638277
0.911460138  0.04436302779
0.911369001  0.0448350896
0.9112778642  0.06265042646
0.9050021157  0.1669506618
0.9049116245  0.04829954889
0.9048211333  0.05993597594
0.892270217  0.06184096318
0.892180999  0.1452599173
0.8920917808  0.06249280626
0.8836123445  0.08965660628
0.8808564523  0.1075074845
0.8807683755  0.1084282163
0.8806802987  0.06365078466
0.8675983757  0.08855718763
0.8675116245  0.1098408424
0.8674248733  0.1587112666
0.8433159477  0.1179386185
0.8432316245  0.08688990445
0.8431473013  0.08146289291
0.8409222142  0.1197199998
0.8063022467  0.1120734829
0.8062216245  0.1220595765
0.8061410023  0.139863911
0.8002945801  0.2491990758
0.782738266  0.09898357861
0.78266  0.1945479651
0.782581734  0.1235875409
0.7756985611  0.1170959214
0.775620999  0.1396588008
0.7755434369  0.119385896
0.775337526  0.149335096
0.77526  0.1248948542
0.775182474  0.1240607027
0.7616297967  0.1712272758
0.7248330322  0.3409473561
0.6898140368  0.3538920022
0.6564869208  0.2553318851
0.624769944  0.3365356265
0.599395309  0.6134571327
0.5993353755  0.473459513
0.599275442  0.6684809884
0.5945853155  0.5239689136
0.5658590026  0.8004216693
0.547862  0.9434062316
0.5385205496  0.9022463087
