# MATHUSLA HNL |U_{\mu}|^2 sensitivity (BC7 benchmark)
# Source: HNLCalc + DDC species_split fallback
# kind: contour
# mass_GeV  u2
0.1  3.835561105e-05
0.1050765849  2.994310125e-05
0.1061587575  2.844768483e-05
0.1061799914  2.841925078e-05
0.110410887  2.337567875e-05
0.1160159894  1.824773938e-05
0.1219056397  1.424078838e-05
0.128094283  1.110596785e-05
0.1345970981  8.650507811e-06
0.1349633023  8.532319849e-06
0.1349768  8.527999822e-06
0.1349902977  8.523665709e-06
0.1400673808  5.74348268e-06
0.1400813889  5.735188313e-06
0.1400953971  5.726900641e-06
0.1414300341  4.973474145e-06
0.1486098498  2.348079437e-06
0.1561541551  1.227626484e-06
0.1640814534  7.574135829e-07
0.1724111877  5.542748576e-07
0.1811637881  4.206724703e-07
0.1903607216  3.709046588e-07
0.191400858  3.491649156e-07
0.19142  3.532477685e-07
0.191439142  3.304855118e-07
0.2000245453  2.917927271e-07
0.2101789612  2.595138634e-07
0.2112956193  2.477520941e-07
0.211316751  2.523950841e-07
0.2113378827  2.625454574e-07
0.2208488747  2.136832635e-07
0.2320604554  1.889705134e-07
0.2438412015  1.629929359e-07
0.2452042426  1.725213528e-07
0.2452532884  1.627718063e-07
0.2562200072  1.289329055e-07
0.2692272334  1.020313714e-07
0.2828947826  8.987980249e-08
0.2972561765  7.38994065e-08
0.3123466387  6.757163139e-08
0.3282031811  5.823241413e-08
0.3448646943  5.19481479e-08
0.3623720434  4.54845787e-08
0.3807681679  4.199777847e-08
0.4000981874  3.764901174e-08
0.4204095116  3.407099737e-08
0.4417519575  3.222690414e-08
0.4641778708  2.808066506e-08
0.4877422546  2.537532546e-08
0.4941385802  2.632282146e-08
0.4941879989  2.563577408e-08
0.4942374178  2.602796817e-08
0.5125029044  2.449544234e-08
0.5385205496  2.136035967e-08
0.5478072138  2.001214028e-08
0.547862  1.955479445e-08
0.5479167862  2.167631803e-08
0.5658590026  1.967892927e-08
0.5945853155  1.839060207e-08
0.599275442  1.789616642e-08
0.5993353755  1.79146368e-08
0.599395309  1.683182414e-08
0.624769944  1.723310465e-08
0.6564869208  1.469548209e-08
0.6898140368  1.312009597e-08
0.7248330322  1.216668094e-08
0.7616297967  1.159677305e-08
0.775182474  1.086652028e-08
0.77526  1.064166748e-08
0.775337526  1.084470373e-08
0.7755434369  1.074690391e-08
0.775620999  1.12456641e-08
0.7756985611  1.207124643e-08
0.782581734  1.111176064e-08
0.78266  1.099129821e-08
0.782738266  1.112358327e-08
0.8002945801  1.050335695e-08
0.8061410023  1.011020423e-08
0.8062216245  1.032279257e-08
0.8063022467  1.019390677e-08
0.8409222142  9.237563875e-09
0.8431473013  8.96402065e-09
0.8432316245  9.227399966e-09
0.8433159477  9.578870245e-09
0.8674248733  9.614097644e-09
0.8675116245  9.429019909e-09
0.8675983757  8.273948422e-09
0.8806802987  8.531987521e-09
0.8807683755  8.651314749e-09
0.8808564523  9.005369689e-09
0.8836123445  8.106462541e-09
0.8920917808  7.781454655e-09
0.892180999  8.166679113e-09
0.892270217  8.625229718e-09
0.9048211333  7.647510834e-09
0.9049116245  7.430771993e-09
0.9050021157  6.947605074e-09
0.9112778642  7.616363095e-09
0.911369001  7.839301067e-09
0.911460138  7.967625976e-09
0.9284696756  6.663487368e-09
0.9482841631  6.885717782e-09
0.948379001  6.194839078e-09
0.948473839  7.045743671e-09
0.957684222  6.322598285e-09
0.95778  6.598020425e-09
0.957875778  6.236319909e-09
0.9670449103  6.540196853e-09
0.9671416245  6.64833369e-09
0.9672383387  6.353518852e-09
0.9725617351  6.471252751e-09
0.9726590011  6.112892308e-09
0.9727562669  6.467173589e-09
0.9756042272  6.101168292e-09
0.9812434903  5.687783196e-09
0.9813416245  5.52485083e-09
0.9814397587  6.214167786e-09
0.9839732173  5.724570654e-09
0.9840716245  5.59802811e-09
0.9841700317  5.985757807e-09
0.9886427503  6.346094142e-09
0.9887416245  5.668296446e-09
0.9888404987  5.934567567e-09
0.9972286427  5.507532026e-09
0.9974281083  6.322402803e-09
0.9999  6.330962288e-09
1  5.808828328e-09
1.0001  5.67552369e-09
1.009957995  5.585883558e-09
1.010059001  5.30214871e-09
1.010160007  4.654060572e-09
1.019358054  4.697227925e-09
1.01946  5.81806603e-09
1.019561946  5.125745984e-09
1.025131604  5.249820445e-09
1.072181772  5.128757996e-09
1.072289001  4.830658625e-09
1.07239623  4.594544177e-09
1.077173281  4.677132302e-09
1.086380352  4.064420344e-09
1.086489001  4.545880357e-09
1.08659765  4.866400466e-09
1.089110079  4.428133475e-09
1.089219001  4.523138228e-09
1.089327923  4.497424353e-09
1.093779612  4.486666904e-09
1.093889001  4.435437276e-09
1.09399839  4.520498825e-09
1.131856897  3.975994736e-09
1.189316574  3.705423834e-09
1.216018011  3.294600306e-09
1.216139625  3.60983867e-09
1.216261238  3.282719114e-09
1.24969324  3.007820764e-09
1.265378074  3.353516815e-09
1.265504624  3.221558331e-09
1.265631175  3.50811032e-09
1.266263985  3.094832914e-09
1.266390625  3.378250216e-09
1.266517264  2.86713351e-09
1.313134978  2.807606128e-09
1.314698142  2.821688273e-09
1.314829624  2.880272605e-09
1.314961107  2.840271015e-09
1.321154872  3.230810781e-09
1.321287001  2.848652577e-09
1.32141913  2.890718883e-09
1.364944116  2.755986587e-09
1.365080625  2.811965641e-09
1.365217133  2.691305333e-09
1.370514936  2.916036041e-09
1.370652001  2.828930737e-09
1.370789066  2.70752217e-09
1.371400847  2.620347974e-09
1.371538001  2.830802605e-09
1.371675155  2.366337802e-09
1.379797391  2.718755277e-09
1.419835003  2.597644235e-09
1.419977001  2.672274722e-09
1.420118999  2.436912898e-09
1.449843977  2.420300118e-09
1.470080978  2.474280277e-09
1.470228001  2.324699277e-09
1.470375024  2.547377703e-09
1.47765222  2.425250893e-09
1.4778  2.576633524e-09
1.47794778  2.525133494e-09
1.492380747  2.520973013e-09
1.49253  2.50582187e-09
1.492679253  2.455889036e-09
1.495480437  2.404187996e-09
1.49563  2.530839284e-09
1.495779563  2.633977005e-09
1.523446538  2.606884718e-09
1.600785595  2.239214108e-09
1.619449273  2.544324558e-09
1.619611234  2.470826234e-09
1.619773196  2.36818535e-09
1.621487835  2.400393208e-09
1.62165  2.392323944e-09
1.621812165  2.640673341e-09
1.628861922  2.476045066e-09
1.629024825  2.387997425e-09
1.629187727  2.602674888e-09
1.632966687  2.38212261e-09
1.63313  2.414560739e-09
1.633293313  2.63609526e-09
1.637476236  2.477458268e-09
1.63764  2.689883555e-09
1.637803764  2.421513609e-09
1.682050835  2.596863104e-09
1.724586135  2.764937916e-09
1.724758611  2.971811372e-09
1.724931087  2.989474748e-09
1.733998784  3.165087656e-09
1.734172201  2.793018497e-09
1.734345618  2.552306226e-09
1.763825224  3.103439345e-09
1.764001625  3.116595361e-09
1.764178025  3.048262248e-09
1.767441575  2.98201963e-09
1.777263255  3.184442763e-09
1.777440999  3.271331293e-09
1.777618743  3.169313272e-09
1.857167247  5.7847358e-09
1.862505355  7.413887298e-09
1.862691625  7.326535894e-09
1.862877894  7.64417977e-09
1.868962086  7.524348682e-09
1.869149001  7.193052808e-09
1.869335916  7.468182549e-09
1.869983982  7.364277191e-09
1.870170999  7.768211565e-09
1.870358016  7.28418865e-09
1.882400117  7.489091174e-09
1.882776634  7.456282939e-09
1.91630874  7.424738329e-09
1.91650039  7.163588247e-09
1.91669204  7.786588954e-09
1.95144792  7.136798219e-09
1.967642217  7.142397131e-09
1.967839001  7.437486461e-09
1.968035785  7.342540559e-09
1.968664113  6.943687533e-09
1.968860999  7.154506313e-09
1.969057885  7.226320782e-09
1.975120844  7.347123672e-09
1.975318375  7.200611583e-09
1.975515907  7.129273033e-09
2.050514831  7.072854541e-09
2.073800975  7.255112053e-09
2.074008376  7.105286992e-09
2.074215776  7.171156372e-09
2.154610957  7.409498567e-09
2.263991613  7.163239245e-09
2.270379939  7.23691085e-09
2.270607  7.12815095e-09
2.270834061  7.281438802e-09
2.37892507  7.705292754e-09
2.499693221  9.016851798e-09
2.54444553  8.901393658e-09
2.5447  9.202483116e-09
2.54495447  9.32037072e-09
2.551784796  9.147767208e-09
2.55204  9.364907657e-09
2.552295204  9.016885591e-09
2.62659227  1.023584493e-08
2.66833314  1.101252228e-08
2.6686  1.127310253e-08
2.66886686  1.157108339e-08
2.698060167  1.176067176e-08
2.69833  1.17740342e-08
2.698599833  1.223246085e-08
2.719548018  1.242323267e-08
2.71982  1.233299405e-08
2.720091982  1.208407861e-08
2.726947278  1.301940283e-08
2.72722  1.304151251e-08
2.727407232  1.271545392e-08
2.727492722  1.293479172e-08
2.72768  1.264019412e-08
2.727952768  1.231768153e-08
2.759933457  1.401628417e-08
2.900043823  2.223569873e-08
2.954322538  2.863342981e-08
2.954618  3.127339048e-08
2.954913462  3.052277557e-08
2.954913462  1.473095132e-07
2.954618  1.499280786e-07
2.954322538  1.494142743e-07
2.900043823  2.219760671e-07
2.759933457  5.23374625e-07
2.727952768  5.540162997e-07
2.72768  5.762119693e-07
2.727492722  5.869318084e-07
2.727407232  6.048237337e-07
2.72722  5.67554496e-07
2.726947278  5.425702454e-07
2.720091982  6.881422493e-07
2.71982  5.848340825e-07
2.719548018  5.568556037e-07
2.698599833  6.318192517e-07
2.69833  6.678556696e-07
2.698060167  7.830213437e-07
2.66886686  8.426929337e-07
2.6686  7.704080011e-07
2.66833314  8.692125267e-07
2.62659227  8.61567497e-07
2.552295204  1.501862058e-06
2.55204  1.180179977e-06
2.551784796  1.270189178e-06
2.54495447  1.399265303e-06
2.5447  1.252394905e-06
2.54444553  1.545174234e-06
2.499693221  1.740848209e-06
2.37892507  2.632262416e-06
2.270834061  5.02267243e-06
2.270607  3.853838887e-06
2.270379939  6.523569149e-06
2.263991613  4.087331096e-06
2.154610957  6.174424961e-06
2.074215776  1.032404996e-05
2.074008376  1.344268188e-05
2.073800975  8.136027244e-06
2.050514831  8.629426895e-06
1.975515907  1.222830985e-05
1.975318375  1.465262125e-05
1.975120844  1.141048963e-05
1.969057885  3.3678923e-05
1.968860999  1.498456446e-05
1.968664113  1.380546585e-05
1.968035785  1.238490443e-05
1.967839001  4.186546079e-05
1.967642217  1.282604181e-05
1.95144792  1.48666123e-05
1.91669204  1.543435788e-05
1.91650039  1.696605981e-05
1.91630874  2.015613918e-05
1.882776634  1.716892257e-05
1.882400117  1.830211251e-05
1.870358016  1.604652367e-05
1.870170999  2.00249646e-05
1.869983982  2.649188084e-05
1.869335916  1.996161236e-05
1.869149001  2.340461785e-05
1.868962086  2.442617296e-05
1.862877894  2.082542885e-05
1.862691625  1.945708422e-05
1.862505355  2.081474885e-05
1.857167247  2.869507155e-05
1.777618743  2.403900814e-05
1.777440999  2.660421567e-05
1.777263255  2.410218281e-05
1.767441575  3.262906542e-05
1.764178025  3.497555772e-05
1.764001625  5.074331373e-05
1.763825224  5.131387145e-05
1.734345618  5.135210707e-05
1.734172201  5.659832103e-05
1.733998784  8.960379543e-05
1.724931087  4.096967936e-05
1.724758611  4.06247204e-05
1.724586135  5.810575611e-05
1.682050835  3.23758327e-05
1.637803764  4.899147831e-05
1.63764  4.445434598e-05
1.637476236  4.851001407e-05
1.633293313  6.637563165e-05
1.63313  6.366968461e-05
1.632966687  5.852473792e-05
1.629187727  8.640757537e-05
1.629024825  5.079217542e-05
1.628861922  9.128197544e-05
1.621812165  6.280801022e-05
1.62165  5.357177739e-05
1.621487835  7.811879469e-05
1.619773196  0.000119358858
1.619611234  4.714365593e-05
1.619449273  6.604817772e-05
1.600785595  6.992463832e-05
1.523446538  0.0001454565411
1.495779563  0.0001164115286
1.49563  0.0001045881357
1.495480437  0.0001284805786
1.492679253  0.0001314873806
1.49253  8.541917631e-05
1.492380747  0.00016305915
1.47794778  0.0001210263806
1.4778  0.0001249798521
1.47765222  8.468730223e-05
1.470375024  9.278348976e-05
1.470228001  0.0001319250757
1.470080978  0.000137426561
1.449843977  0.0002580266906
1.420118999  0.0001575519222
1.419977001  0.000153164523
1.419835003  0.0002420496844
1.379797391  0.0001965909804
1.371675155  0.0002131554252
1.371538001  0.0001606512069
1.371400847  0.000213792353
1.370789066  0.0002106156808
1.370652001  0.0002237196504
1.370514936  0.0001170243164
1.365217133  0.000193326008
1.365080625  0.0002009051777
1.364944116  0.0001920997117
1.32141913  0.0002484111013
1.321287001  0.0001719714043
1.321154872  0.000256549302
1.314961107  0.000176717087
1.314829624  0.0002271350353
1.314698142  0.0004270380898
1.313134978  0.001133934083
1.266517264  0.000297445212
1.266390625  0.0007836824414
1.266263985  0.0005341580521
1.265631175  0.0002650026542
1.265504624  0.0003436503904
1.265378074  0.0003379500687
1.24969324  0.0002752696311
1.216261238  0.000494266622
1.216139625  0.0004211906869
1.216018011  0.0007913739577
1.189316574  0.0004501955357
1.131856897  0.0005903060992
1.09399839  0.001373767406
1.093889001  0.001092381736
1.093779612  0.0006932003362
1.089327923  0.000721544199
1.089219001  0.0008847446234
1.089110079  0.0007819916356
1.08659765  0.0007854644726
1.086489001  0.0006288533775
1.086380352  0.001116742995
1.077173281  0.00130122536
1.07239623  0.0008277980476
1.072289001  0.001162338822
1.072181772  0.001036348028
1.025131604  0.001299484969
1.019561946  0.001551450832
1.01946  0.002097451342
1.019358054  0.001543893179
1.010160007  0.001583724616
1.010059001  0.001555271936
1.009957995  0.001099481168
1.0001  0.002764545478
1  0.001315302282
0.9999  0.001205881766
0.9974281083  0.002531329578
0.9972286427  0.001383994256
0.9888404987  0.002860085312
0.9887416245  0.001529463379
0.9886427503  0.001788949845
0.9841700317  0.002064308869
0.9840716245  0.001260905313
0.9839732173  0.002736936425
0.9814397587  0.00137034152
0.9813416245  0.002662376494
0.9812434903  0.001681887001
0.9756042272  0.001807663607
0.9727562669  0.002260163791
0.9726590011  0.002845619572
0.9725617351  0.001611386826
0.9672383387  0.001953274339
0.9671416245  0.001776655483
0.9670449103  0.004569122634
0.957875778  0.001404087112
0.95778  0.003568191219
0.957684222  0.001766005018
0.948473839  0.002364343825
0.948379001  0.001685529069
0.9482841631  0.002118410804
0.9284696756  0.002238321336
0.911460138  0.002882737478
0.911369001  0.00268805324
0.9112778642  0.00277024843
0.9050021157  0.004043771441
0.9049116245  0.002410607286
0.9048211333  0.004155803348
0.892270217  0.003997330152
0.892180999  0.004140642823
0.8920917808  0.002816348415
0.8836123445  0.003930037257
0.8808564523  0.00886276376
0.8807683755  0.004484223137
0.8806802987  0.002625650755
0.8675983757  0.005043905335
0.8675116245  0.00475938862
0.8674248733  0.003818001012
0.8433159477  0.004531489171
0.8432316245  0.006707598789
0.8431473013  0.004666945673
0.8409222142  0.004129305592
0.8063022467  0.005725981426
0.8062216245  0.004114127538
0.8061410023  0.01298799383
0.8002945801  0.006486399335
0.782738266  0.008046854892
0.78266  0.007892467998
0.782581734  0.006733268166
0.7756985611  0.009699302834
0.775620999  0.01436719139
0.7755434369  0.007934064886
0.775337526  0.01152346398
0.77526  0.01067402827
0.775182474  0.008039777667
0.7616297967  0.006159659879
0.7248330322  0.01095307423
0.6898140368  0.01895034347
0.6564869208  0.022637809
0.624769944  0.05732324131
0.599395309  0.04102072065
0.5993353755  0.02617122468
0.599275442  0.04658652264
0.5945853155  0.03512786489
0.5658590026  0.03443592226
0.5479167862  0.04241103207
0.547862  0.1524440055
0.5478072138  0.04715511945
0.5385205496  0.07402583087
0.5125029044  0.08167060744
0.4942374178  0.1003505542
0.4941879989  0.1138926017
0.4941385802  0.09794998738
0.4877422546  0.08367357953
0.4641778708  0.1878061758
0.4417519575  0.2245097199
0.4204095116  0.201146072
0.4000981874  0.3106410969
0.3807681679  0.2801540476
0.3623720434  0.5932704484
0.3448646943  0.9732280555
0.3282031811  0.7919745807
