# MATHUSLA HNL |U_{\tau}|^2 sensitivity (BC8 benchmark)
# Source: HNLCalc + DDC species_split fallback
# kind: contour
# mass_GeV  u2
0.1  4.320542983e-05
0.1050765849  3.938075308e-05
0.1061587575  3.60244274e-05
0.1061693745  3.113708805e-05
0.1061799914  3.919897758e-05
0.110410887  3.279389865e-05
0.1160159894  3.050496451e-05
0.1219056397  2.585731432e-05
0.128094283  2.249338674e-05
0.1345970981  2.016071926e-05
0.1349633023  1.771366848e-05
0.1349768  1.793806671e-05
0.1349902977  1.901581704e-05
0.1400673808  9.531154463e-06
0.1400813889  1.058141783e-05
0.1400953971  9.42748287e-06
0.1414300341  8.18929011e-06
0.1486098498  3.963007574e-06
0.1561541551  3.251752726e-06
0.1640814534  2.340206334e-06
0.1724111877  1.699794116e-06
0.1811637881  1.597117967e-06
0.1903607216  1.980503965e-06
0.191400858  3.26265969e-06
0.19142  3.419011436e-06
0.191439142  3.321602481e-06
0.2000245453  2.77296207e-06
0.2101789612  2.285017692e-06
0.2112956193  2.314497879e-06
0.211316751  2.406087639e-06
0.2113378827  2.223019946e-06
0.2208488747  2.072453438e-06
0.2320604554  1.751323166e-06
0.2438412015  1.537295676e-06
0.2452042426  1.465238101e-06
0.2452287655  1.493808205e-06
0.2452532884  1.522370448e-06
0.2562200072  1.316274649e-06
0.2692272334  1.191797287e-06
0.2828947826  1.04330834e-06
0.2972561765  9.087848956e-07
0.3123466387  8.339432054e-07
0.3282031811  7.756255372e-07
0.3448646943  6.652103295e-07
0.3623720434  6.135137494e-07
0.3807681679  5.513841329e-07
0.4000981874  5.119319554e-07
0.4204095116  4.60966141e-07
0.4417519575  4.149055257e-07
0.4641778708  3.726773578e-07
0.4877422546  3.50430623e-07
0.4941385802  3.511668477e-07
0.4941879989  3.420155225e-07
0.4942374178  3.505974528e-07
0.5125029044  3.189007928e-07
0.5385205496  2.882067731e-07
0.5478072138  2.878931714e-07
0.547862  2.783929308e-07
0.5479167862  2.823142687e-07
0.5658590026  2.767412987e-07
0.5945853155  2.506253896e-07
0.599275442  2.494283425e-07
0.5993353755  2.404420019e-07
0.599395309  2.453538558e-07
0.624769944  2.283438263e-07
0.6564869208  2.09489231e-07
0.6898140368  1.988659293e-07
0.7248330322  1.827704262e-07
0.7616297967  1.801652297e-07
0.775182474  1.668403243e-07
0.77526  1.743203395e-07
0.775337526  1.629631598e-07
0.7755434369  1.663915184e-07
0.775620999  1.687667099e-07
0.7756985611  1.712125372e-07
0.782581734  1.700847137e-07
0.78266  1.646916382e-07
0.782738266  1.648114213e-07
0.8002945801  1.600648829e-07
0.8061410023  1.571573277e-07
0.8062216245  1.558750812e-07
0.8063022467  1.54486735e-07
0.8409222142  1.451986183e-07
0.8431473013  1.47948815e-07
0.8432316245  1.454668648e-07
0.8433159477  1.496806322e-07
0.8674248733  1.423906411e-07
0.8675116245  1.416639538e-07
0.8675983757  1.431576682e-07
0.8806802987  1.398164491e-07
0.8807683755  1.379087678e-07
0.8808564523  1.451198725e-07
0.8836123445  1.399292834e-07
0.8920917808  1.374015198e-07
0.892180999  1.356446754e-07
0.892270217  1.353474866e-07
0.9048211333  1.320450877e-07
0.9049116245  1.359314362e-07
0.9050021157  1.328424863e-07
0.9112778642  1.332958068e-07
0.911369001  1.36026733e-07
0.911460138  1.293132618e-07
0.9284696756  1.30078197e-07
0.9482841631  1.301330516e-07
0.948379001  1.240034699e-07
0.948473839  1.236322447e-07
0.957684222  1.265075055e-07
0.95778  1.220643797e-07
0.957875778  1.256573294e-07
0.9670449103  1.245341592e-07
0.9671416245  1.221482381e-07
0.9672383387  1.262014815e-07
0.9725617351  1.185637216e-07
0.9726590011  1.227232935e-07
0.9727562669  1.220526007e-07
0.9756042272  1.27884896e-07
0.9812434903  1.23803682e-07
0.9813416245  1.197707668e-07
0.9814397587  1.194972722e-07
0.9839732173  1.231345835e-07
0.9840716245  1.228293531e-07
0.9841700317  1.203631572e-07
0.9886427503  1.212743971e-07
0.9887416245  1.219387572e-07
0.9888404987  1.193591935e-07
0.9972286427  1.166383124e-07
0.9973283755  1.169586176e-07
0.9974281083  1.227650393e-07
0.9999  1.187914426e-07
1  1.195019746e-07
1.0001  1.221042997e-07
1.009957995  1.185632773e-07
1.010059001  1.208572039e-07
1.010160007  1.179081384e-07
1.019358054  1.225702325e-07
1.01946  1.176406606e-07
1.019561946  1.22939651e-07
1.025131604  1.170582695e-07
1.072181772  1.108268992e-07
1.072289001  1.10578697e-07
1.07239623  1.096193666e-07
1.077173281  1.085024271e-07
1.086380352  1.095135288e-07
1.086489001  1.046198897e-07
1.08659765  1.067851205e-07
1.089110079  1.083453768e-07
1.089219001  1.101905545e-07
1.089327923  1.09813754e-07
1.093779612  1.05598274e-07
1.093889001  1.094960872e-07
1.09399839  1.083406058e-07
1.131856897  1.067810186e-07
1.189316574  1.031724252e-07
1.216018011  1.026994686e-07
1.216139625  1.059581281e-07
1.216261238  1.025898346e-07
1.24969324  1.065976923e-07
1.265378074  1.093163954e-07
1.265504624  1.083227421e-07
1.265631175  1.0635657e-07
1.266263985  1.101213021e-07
1.266390625  1.047735031e-07
1.266517264  1.086611304e-07
1.313134978  1.097929728e-07
1.314698142  1.094041031e-07
1.314829624  1.146809742e-07
1.314961107  1.143929477e-07
1.321154872  1.138748494e-07
1.321287001  1.132003204e-07
1.32141913  1.146975223e-07
1.364944116  1.236537917e-07
1.365080625  1.223181906e-07
1.365217133  1.226805275e-07
1.370514936  1.296463865e-07
1.370652001  1.301742687e-07
1.370789066  1.264955347e-07
1.371400847  1.274547538e-07
1.371538001  1.249736462e-07
1.371675155  1.287043125e-07
1.379797391  1.274337384e-07
1.419835003  1.404094183e-07
1.419977001  1.433525544e-07
1.420118999  1.401365798e-07
1.449843977  1.549372499e-07
1.470080978  1.581088933e-07
1.470228001  1.572284629e-07
1.470375024  1.599437541e-07
1.47765222  1.670640071e-07
1.4778  1.594922793e-07
1.47794778  1.621068744e-07
1.492380747  1.668554877e-07
1.49253  1.655497882e-07
1.492679253  1.644657385e-07
1.495480437  1.635105335e-07
1.49563  1.704781411e-07
1.495779563  1.669070849e-07
1.523446538  1.7480478e-07
1.600785595  1.850597673e-07
1.619449273  1.790391462e-07
1.619611234  1.764572084e-07
1.619773196  1.808960981e-07
1.621487835  1.791579498e-07
1.62165  1.779852917e-07
1.621812165  1.79490616e-07
1.628861922  1.836981648e-07
1.629024825  1.829463764e-07
1.629187727  1.833376018e-07
1.632966687  1.773171792e-07
1.63313  1.800838859e-07
1.633293313  1.775208087e-07
1.637476236  1.749615866e-07
1.63764  1.703125866e-07
1.637803764  1.728347326e-07
1.682050835  1.685620665e-07
1.724586135  1.573386902e-07
1.724758611  1.586393676e-07
1.724931087  1.59873787e-07
1.733998784  1.581472652e-07
1.734172201  1.568922169e-07
1.734345618  1.601581906e-07
1.763825224  1.506908044e-07
1.764001625  1.500912544e-07
1.764178025  1.51891264e-07
1.767441575  1.460224931e-07
1.777263255  1.479610137e-07
1.777440999  1.537384979e-07
1.777618743  1.447642132e-07
1.857167247  1.385706144e-07
1.862505355  1.388908855e-07
1.862691625  1.404758683e-07
1.862877894  1.310988485e-07
1.868962086  1.357265453e-07
1.869149001  1.345843457e-07
1.869335916  1.379454684e-07
1.869983982  1.352989269e-07
1.870170999  1.334496327e-07
1.870358016  1.330056334e-07
1.882400117  1.400255462e-07
1.882776634  1.378321676e-07
1.91630874  1.356711125e-07
1.91650039  1.286719994e-07
1.91669204  1.304246562e-07
1.95144792  1.272504784e-07
1.967642217  1.254813266e-07
1.967839001  1.263313772e-07
1.968035785  1.301786594e-07
1.968664113  1.260840044e-07
1.968860999  1.262830943e-07
1.969057885  1.231610055e-07
1.975120844  1.235249132e-07
1.975318375  1.23339185e-07
1.975515907  1.262810829e-07
2.050514831  1.168587221e-07
2.073800975  1.173622432e-07
2.074008376  1.173046385e-07
2.074215776  1.140073313e-07
2.154610957  1.148933793e-07
2.263991613  1.033355308e-07
2.270379939  1.047897997e-07
2.270607  1.068902243e-07
2.270834061  1.042863672e-07
2.37892507  1.039089203e-07
2.499693221  1.015728763e-07
2.54444553  9.703361257e-08
2.5447  1.028369651e-07
2.54495447  1.019979184e-07
2.551784796  1.031865392e-07
2.55204  1.015864859e-07
2.552295204  9.911034271e-08
2.62659227  1.015435693e-07
2.66833314  1.010615081e-07
2.6686  1.134798152e-07
2.66886686  1.045328833e-07
2.698060167  1.060574494e-07
2.69833  1.025704204e-07
2.698599833  1.043066925e-07
2.719548018  1.175289502e-07
2.71982  1.112198883e-07
2.720091982  1.099123642e-07
2.726947278  1.064810035e-07
2.72722  1.175948178e-07
2.727407232  1.070858921e-07
2.727492722  1.125010078e-07
2.72768  1.123242773e-07
2.727952768  1.073953591e-07
2.759933457  1.259656925e-07
2.759933457  5.406728604e-07
2.727952768  6.365453438e-07
2.72768  6.48372437e-07
2.727492722  6.268486271e-07
2.727407232  6.314127013e-07
2.72722  6.367213046e-07
2.726947278  6.682900676e-07
2.720091982  6.298422224e-07
2.71982  6.437635745e-07
2.719548018  6.931753318e-07
2.698599833  7.388556017e-07
2.69833  7.649309495e-07
2.698060167  7.011638204e-07
2.66886686  8.695301954e-07
2.6686  7.337912179e-07
2.66833314  8.939789878e-07
2.62659227  9.657757627e-07
2.552295204  1.392997046e-06
2.55204  1.408179574e-06
2.551784796  1.304684104e-06
2.54495447  1.451813423e-06
2.5447  1.431138151e-06
2.54444553  1.589446561e-06
2.499693221  1.776785534e-06
2.37892507  3.463404157e-06
2.270834061  4.497984816e-06
2.270607  4.61055983e-06
2.270379939  4.181845671e-06
2.263991613  4.654287323e-06
2.154610957  6.590915131e-06
2.074215776  1.180967526e-05
2.074008376  9.765315504e-06
2.073800975  9.748549984e-06
2.050514831  1.11489427e-05
1.975515907  1.733316084e-05
1.975318375  1.61784295e-05
1.975120844  1.766436304e-05
1.969057885  1.398840601e-05
1.968860999  1.451280307e-05
1.968664113  1.389795325e-05
1.968035785  1.749860132e-05
1.967839001  1.683521506e-05
1.967642217  1.439652414e-05
1.95144792  1.830489064e-05
1.91669204  1.96839634e-05
1.91650039  2.242075473e-05
1.91630874  1.899727923e-05
1.882776634  2.149756758e-05
1.882400117  2.591620284e-05
1.870358016  2.721900423e-05
1.870170999  2.609394325e-05
1.869983982  2.518877644e-05
1.869335916  2.158042824e-05
1.869149001  2.326410779e-05
1.868962086  2.332796153e-05
1.862877894  2.791760077e-05
1.862691625  2.350381205e-05
1.862505355  2.342852099e-05
1.857167247  2.446427263e-05
1.777618743  3.497552495e-05
1.777440999  3.182575588e-05
1.777263255  3.636339884e-05
1.767441575  3.394073416e-05
1.764178025  3.672595896e-05
1.764001625  3.451292525e-05
1.763825224  2.954883511e-05
1.734345618  3.839174695e-05
1.734172201  3.918482208e-05
1.733998784  4.627168857e-05
1.724931087  4.447105092e-05
1.724758611  6.263654575e-05
1.724586135  4.673733014e-05
1.682050835  6.318304991e-05
1.637803764  5.405520571e-05
1.63764  6.019414359e-05
1.637476236  0.0001070212982
1.633293313  6.140560404e-05
1.63313  6.69092004e-05
1.632966687  5.488290014e-05
1.629187727  7.012916064e-05
1.629024825  8.866675684e-05
1.628861922  0.0001371626671
1.621812165  6.351456554e-05
1.62165  8.072730739e-05
1.621487835  8.252155116e-05
1.619773196  9.68161197e-05
1.619611234  7.145857674e-05
1.619449273  0.0001066255607
1.600785595  6.295283597e-05
1.523446538  9.567030995e-05
1.495779563  0.0001305552901
1.49563  0.0002073949111
1.495480437  0.000132632434
1.492679253  0.0001482370024
1.49253  0.0001268372645
1.492380747  9.994759282e-05
1.47794778  0.0001467554499
1.4778  0.0001302524097
1.47765222  0.0001525344428
1.470375024  0.0001555012945
1.470228001  0.0003109950663
1.470080978  0.0001402773355
1.449843977  0.0001533314727
1.420118999  0.0002570453582
1.419977001  0.0002211239703
1.419835003  0.0001797702466
1.379797391  0.0002874931642
1.371675155  0.0002992456404
1.371538001  0.0003305496135
1.371400847  0.0002846338184
1.370789066  0.0002948246571
1.370652001  0.000180528518
1.370514936  0.0003408553294
1.365217133  0.0002172421396
1.365080625  0.0002288166967
1.364944116  0.0001899178013
1.32141913  0.0002400003603
1.321287001  0.0003119830955
1.321154872  0.0003010978693
1.314961107  0.0003561796543
1.314829624  0.0005785681642
1.314698142  0.0003530151757
1.313134978  0.0002419198297
1.266517264  0.0004159821613
1.266390625  0.0003003217401
1.266263985  0.0003798337993
1.265631175  0.000713906535
1.265504624  0.000363027287
1.265378074  0.0005069762206
1.24969324  0.0005075743586
1.216261238  0.000481923392
1.216139625  0.0005237302585
1.216018011  0.0006417807376
1.189316574  0.0006487300352
1.131856897  0.0008838181482
1.09399839  0.002267246067
1.093889001  0.004239809007
1.093779612  0.003699009348
1.089327923  0.001163477681
1.089219001  0.0008634728319
1.089110079  0.001347423097
1.08659765  0.001277739922
1.086489001  0.001359297169
1.086380352  0.001146650731
1.077173281  0.001280801993
1.07239623  0.002138613199
1.072289001  0.001689050835
1.072181772  0.001615599991
1.025131604  0.002039430314
1.019561946  0.001913550397
1.01946  0.002750297534
1.019358054  0.002097500962
1.010160007  0.002760760918
1.010059001  0.00329860708
1.009957995  0.001991029793
1.0001  0.003321141146
1  0.002285913294
0.9999  0.003234401313
0.9974281083  0.002151457885
0.9973283755  0.0024617082
0.9972286427  0.002588436506
0.9888404987  0.002445855447
0.9887416245  0.002734700306
0.9886427503  0.003585795101
0.9841700317  0.007601680764
0.9840716245  0.003732397716
0.9839732173  0.002347300246
0.9814397587  0.003093462783
0.9813416245  0.00338831021
0.9812434903  0.00488418853
0.9756042272  0.002438811549
0.9727562669  0.003234398283
0.9726590011  0.002312680298
0.9725617351  0.001939459727
0.9672383387  0.003170857739
0.9671416245  0.003827254742
0.9670449103  0.003007752426
0.957875778  0.003075863952
0.95778  0.008264730543
0.957684222  0.00354338411
0.948473839  0.003500136088
0.948379001  0.005411878435
0.9482841631  0.003005415069
0.9284696756  0.004508269896
0.911460138  0.003018796812
0.911369001  0.005601888396
0.9112778642  0.006110027889
0.9050021157  0.008728326622
0.9049116245  0.004647652868
0.9048211333  0.00360536433
0.892270217  0.003784918557
0.892180999  0.00480202659
0.8920917808  0.006144837989
0.8836123445  0.003712409398
0.8808564523  0.003912938767
0.8807683755  0.008640847603
0.8806802987  0.007939003274
0.8675983757  0.004909983324
0.8675116245  0.008008539357
0.8674248733  0.004446170829
0.8433159477  0.006125433662
0.8432316245  0.007412093646
0.8431473013  0.005507770688
0.8409222142  0.00702646122
0.8063022467  0.008077629616
0.8062216245  0.007809570622
0.8061410023  0.01588778427
0.8002945801  0.00876294417
0.782738266  0.009718913036
0.78266  0.009685472423
0.782581734  0.01066886913
0.7756985611  0.01116256177
0.775620999  0.01338791673
0.7755434369  0.007333116668
0.775337526  0.01481476557
0.77526  0.01073907306
0.775182474  0.007869716105
0.7616297967  0.01960335587
0.7248330322  0.01438316328
0.6898140368  0.04480787727
0.6564869208  0.02122241684
0.624769944  0.03115958133
0.599395309  0.04624817009
0.5993353755  0.04149803153
0.599275442  0.06877112969
0.5945853155  0.04181687971
0.5658590026  0.05702399468
0.5479167862  0.07243460324
0.547862  0.05144298873
0.5478072138  0.1095016272
0.5385205496  0.09286667663
0.5125029044  0.1941299076
0.4942374178  0.1145002828
0.4941879989  0.09681543938
0.4941385802  0.2340553338
0.4877422546  0.09568662507
0.4641778708  0.1940163991
0.4417519575  0.296057965
0.4204095116  0.2861524664
0.4000981874  0.2899409246
0.3807681679  0.443475528
0.3623720434  0.5631875897
0.3448646943  0.7204239545
