# PastExclusion HNL |U_{\tau}|^2 sensitivity (BC8 benchmark)
# Source: HNLimits Utau4 single-flavor compilation
# kind: envelope
# mass_GeV  u2
1e-08  0.13
1.1e-08  0.13
1.2e-08  0.13
1.3e-08  0.13
1.4e-08  0.13
1.5e-08  0.13
1.6e-08  0.13
1.7e-08  0.13
1.8e-08  0.13
1.9e-08  0.13
2e-08  0.13
2.1e-08  0.13
2.2e-08  0.13
2.3e-08  0.13
2.4e-08  0.13
2.5e-08  0.13
2.6e-08  0.13
2.7e-08  0.13
2.8e-08  0.13
2.9e-08  0.13
3e-08  0.13
3.1e-08  0.13
3.2e-08  0.13
3.3e-08  0.13
3.4e-08  0.13
3.5e-08  0.13
3.6e-08  0.13
3.7e-08  0.13
3.8e-08  0.13
3.9e-08  0.13
4e-08  0.13
4.1e-08  0.13
4.2e-08  0.13
4.3e-08  0.13
4.4e-08  0.13
4.5e-08  0.13
4.6e-08  0.13
4.7e-08  0.13
4.8e-08  0.13
4.9e-08  0.13
5e-08  0.13
5.1e-08  0.13
5.2e-08  0.13
5.3e-08  0.13
5.4e-08  0.13
5.5e-08  0.13
5.6e-08  0.13
5.8e-08  0.13
5.9e-08  0.13
6e-08  0.13
6.1e-08  0.13
6.2e-08  0.13
6.3e-08  0.13
6.5e-08  0.13
6.6e-08  0.13
6.7e-08  0.13
6.8e-08  0.13
7e-08  0.13
7.1e-08  0.13
7.2e-08  0.13
7.4e-08  0.13
7.5e-08  0.13
7.7e-08  0.13
7.8e-08  0.13
8e-08  0.13
8.1e-08  0.13
8.3e-08  0.13
8.4e-08  0.13
8.6e-08  0.13
8.7e-08  0.13
8.9e-08  0.13
9.1e-08  0.13
9.3e-08  0.13
9.4e-08  0.13
9.6e-08  0.13
9.8e-08  0.13
1e-07  0.13
1.02e-07  0.13
1.04e-07  0.13
1.06e-07  0.13
1.08e-07  0.13
1.1e-07  0.13
1.12e-07  0.13
1.14e-07  0.13
1.16e-07  0.13
1.19e-07  0.13
1.21e-07  0.13
1.23e-07  0.13
1.26e-07  0.13
1.28e-07  0.13
1.3e-07  0.13
1.33e-07  0.13
1.35e-07  0.13
1.38e-07  0.13
1.41e-07  0.13
1.43e-07  0.13
1.46e-07  0.13
1.49e-07  0.13
1.52e-07  0.13
1.55e-07  0.13
1.58e-07  0.13
1.61e-07  0.13
1.64e-07  0.13
1.67e-07  0.13
1.7e-07  0.13
1.73e-07  0.13
1.77e-07  0.13
1.8e-07  0.13
1.84e-07  0.13
1.87e-07  0.13
1.91e-07  0.13
1.94e-07  0.13
1.98e-07  0.13
2.02e-07  0.13
2.06e-07  0.13
2.1e-07  0.13
2.14e-07  0.13
2.18e-07  0.13
2.22e-07  0.13
2.26e-07  0.13
2.31e-07  0.13
2.35e-07  0.13
2.4e-07  0.13
2.44e-07  0.13
2.49e-07  0.13
2.54e-07  0.13
2.59e-07  0.13
2.64e-07  0.13
2.69e-07  0.13
2.74e-07  0.13
2.79e-07  0.13
2.84e-07  0.13
2.9e-07  0.13
2.95e-07  0.13
3.01e-07  0.13
3.07e-07  0.13
3.13e-07  0.13
3.19e-07  0.13
3.25e-07  0.13
3.31e-07  0.13
3.38e-07  0.13
3.44e-07  0.13
3.51e-07  0.13
3.57e-07  0.13
3.64e-07  0.13
3.71e-07  0.13
3.78e-07  0.13
3.86e-07  0.13
3.93e-07  0.13
4.01e-07  0.13
4.08e-07  0.13
4.16e-07  0.13
4.24e-07  0.13
4.32e-07  0.13
4.41e-07  0.13
4.49e-07  0.13
4.58e-07  0.13
4.66e-07  0.13
4.75e-07  0.13
4.84e-07  0.13
4.94e-07  0.13
5.03e-07  0.13
5.13e-07  0.13
5.23e-07  0.13
5.33e-07  0.13
5.43e-07  0.13
5.53e-07  0.13
5.64e-07  0.13
5.75e-07  0.13
5.86e-07  0.13
5.97e-07  0.13
6.09e-07  0.13
6.2e-07  0.13
6.32e-07  0.13
6.44e-07  0.13
6.57e-07  0.13
6.69e-07  0.13
6.82e-07  0.13
6.95e-07  0.13
7.09e-07  0.13
7.22e-07  0.13
7.36e-07  0.13
7.5e-07  0.13
7.65e-07  0.13
7.79e-07  0.13
7.94e-07  0.13
8.1e-07  0.13
8.25e-07  0.13
8.41e-07  0.13
8.57e-07  0.13
8.74e-07  0.13
8.9e-07  0.13
9.08e-07  0.13
9.25e-07  0.13
9.43e-07  0.13
9.61e-07  0.13
9.79e-07  0.13
9.98e-07  0.13
1.017e-06  0.13
1.037e-06  0.13
1.057e-06  0.13
1.077e-06  0.13
1.098e-06  0.13
1.119e-06  0.13
1.14e-06  0.13
1.162e-06  0.13
1.185e-06  0.13
1.207e-06  0.13
1.23e-06  0.13
1.254e-06  0.13
1.278e-06  0.13
1.303e-06  0.13
1.328e-06  0.13
1.353e-06  0.13
1.379e-06  0.13
1.406e-06  0.13
1.433e-06  0.13
1.46e-06  0.13
1.488e-06  0.13
1.517e-06  0.13
1.546e-06  0.13
1.576e-06  0.13
1.606e-06  0.13
1.637e-06  0.13
1.668e-06  0.13
1.7e-06  0.13
1.733e-06  0.13
1.766e-06  0.13
1.8e-06  0.13
1.835e-06  0.13
1.87e-06  0.13
1.906e-06  0.13
1.942e-06  0.13
1.98e-06  0.13
2.018e-06  0.13
2.056e-06  0.13
2.096e-06  0.13
2.136e-06  0.13
2.177e-06  0.13
2.219e-06  0.13
2.262e-06  0.13
2.305e-06  0.13
2.349e-06  0.13
2.394e-06  0.13
2.44e-06  0.13
2.487e-06  0.13
2.535e-06  0.13
2.584e-06  0.13
2.633e-06  0.13
2.684e-06  0.13
2.735e-06  0.13
2.788e-06  0.13
2.842e-06  0.13
2.896e-06  0.13
2.952e-06  0.13
3.008e-06  0.13
3.066e-06  0.13
3.125e-06  0.13
3.185e-06  0.13
3.246e-06  0.13
3.309e-06  0.13
3.372e-06  0.13
3.437e-06  0.13
3.503e-06  0.13
3.57e-06  0.13
3.639e-06  0.13
3.709e-06  0.13
3.78e-06  0.13
3.852e-06  0.13
3.926e-06  0.13
4.002e-06  0.13
4.079e-06  0.13
4.157e-06  0.13
4.237e-06  0.13
4.318e-06  0.13
4.401e-06  0.13
4.486e-06  0.13
4.572e-06  0.13
4.66e-06  0.13
4.749e-06  0.13
4.84e-06  0.13
4.933e-06  0.13
5.028e-06  0.13
5.125e-06  0.13
5.223e-06  0.13
5.323e-06  0.13
5.425e-06  0.13
5.53e-06  0.13
5.636e-06  0.13
5.744e-06  0.13
5.854e-06  0.13
5.967e-06  0.13
6.081e-06  0.13
6.198e-06  0.13
6.317e-06  0.13
6.439e-06  0.13
6.562e-06  0.13
6.688e-06  0.13
6.817e-06  0.13
6.948e-06  0.13
7.081e-06  0.13
7.217e-06  0.13
7.356e-06  0.13
7.497e-06  0.13
7.641e-06  0.13
7.787e-06  0.13
7.937e-06  0.13
8.089e-06  0.13
8.245e-06  0.13
8.403e-06  0.13
8.565e-06  0.13
8.729e-06  0.13
8.897e-06  0.13
9.067e-06  0.13
9.242e-06  0.13
9.419e-06  0.13
9.6e-06  0.13
9.784e-06  0.13
9.972e-06  0.13
1.0164e-05  0.13
1.0359e-05  0.13
1.0558e-05  0.13
1.0761e-05  0.13
1.0967e-05  0.13
1.1178e-05  0.13
1.1393e-05  0.13
1.1611e-05  0.13
1.1834e-05  0.13
1.2062e-05  0.13
1.2293e-05  0.13
1.2529e-05  0.13
1.277e-05  0.13
1.3015e-05  0.13
1.3265e-05  0.13
1.352e-05  0.13
1.3779e-05  0.13
1.4044e-05  0.13
1.4314e-05  0.13
1.4589e-05  0.13
1.4869e-05  0.13
1.5154e-05  0.13
1.5445e-05  0.13
1.5742e-05  0.13
1.6044e-05  0.13
1.6352e-05  0.13
1.6666e-05  0.13
1.6986e-05  0.13
1.7313e-05  0.13
1.7645e-05  0.13
1.7984e-05  0.13
1.8329e-05  0.13
1.8681e-05  0.13
1.904e-05  0.13
1.9406e-05  0.13
1.9778e-05  0.13
2.0158e-05  0.13
2.0545e-05  0.13
2.094e-05  0.13
2.1342e-05  0.13
2.1752e-05  0.13
2.217e-05  0.13
2.2595e-05  0.13
2.3029e-05  0.13
2.3472e-05  0.13
2.3922e-05  0.13
2.4382e-05  0.13
2.485e-05  0.13
2.5327e-05  0.13
2.5814e-05  0.13
2.6309e-05  0.13
2.6815e-05  0.13
2.7329e-05  0.13
2.7854e-05  0.13
2.8389e-05  0.13
2.8934e-05  0.13
2.949e-05  0.13
3.0056e-05  0.13
3.0634e-05  0.13
3.1222e-05  0.13
3.1821e-05  0.13
3.2433e-05  0.13
3.3055e-05  0.13
3.369e-05  0.13
3.4337e-05  0.13
3.4997e-05  0.13
3.5669e-05  0.13
3.6354e-05  0.13
3.7052e-05  0.13
3.7763e-05  0.13
3.8489e-05  0.13
3.9228e-05  0.13
3.9981e-05  0.13
4.0749e-05  0.13
4.1531e-05  0.13
4.2329e-05  0.13
4.3142e-05  0.13
4.397e-05  0.13
4.4815e-05  0.13
4.5675e-05  0.13
4.6553e-05  0.13
4.7447e-05  0.13
4.8358e-05  0.13
4.9286e-05  0.13
5.0233e-05  0.13
5.1198e-05  0.13
5.2181e-05  0.13
5.3183e-05  0.13
5.4204e-05  0.13
5.5245e-05  0.13
5.6306e-05  0.13
5.7387e-05  0.13
5.8489e-05  0.13
5.9613e-05  0.13
6.0757e-05  0.13
6.1924e-05  0.13
6.3113e-05  0.13
6.4325e-05  0.13
6.5561e-05  0.13
6.682e-05  0.13
6.8103e-05  0.13
6.9411e-05  0.13
7.0744e-05  0.13
7.2102e-05  0.13
7.3487e-05  0.13
7.4898e-05  0.13
7.6337e-05  0.13
7.7803e-05  0.13
7.9297e-05  0.13
8.082e-05  0.13
8.2372e-05  0.13
8.3953e-05  0.13
8.5566e-05  0.13
8.7209e-05  0.13
8.8884e-05  0.13
9.0591e-05  0.13
9.233e-05  0.13
9.4103e-05  0.13
9.5911e-05  0.13
9.7752e-05  0.13
9.963e-05  0.13
0.000101543  0.13
0.000103493  0.13
0.00010548  0.13
0.000107506  0.13
0.000109571  0.13
0.000111675  0.13
0.000113819  0.13
0.000116005  0.13
0.000118233  0.13
0.000120504  0.13
0.000122818  0.13
0.000125176  0.13
0.00012758  0.13
0.00013003  0.13
0.000132527  0.13
0.000135072  0.13
0.000137666  0.13
0.00014031  0.13
0.000143005  0.13
0.000145751  0.13
0.00014855  0.13
0.000151403  0.13
0.00015431  0.13
0.000157274  0.13
0.000160294  0.13
0.000163372  0.13
0.00016651  0.13
0.000169707  0.13
0.000172966  0.13
0.000176288  0.13
0.000179673  0.13
0.000183124  0.13
0.000186641  0.13
0.000190225  0.13
0.000193878  0.13
0.000197601  0.13
0.000201396  0.13
0.000205263  0.13
0.000209205  0.13
0.000213223  0.13
0.000217318  0.13
0.000221491  0.13
0.000225745  0.13
0.00023008  0.13
0.000234498  0.13
0.000239002  0.13
0.000243591  0.13
0.000248269  0.13
0.000253037  0.13
0.000257896  0.13
0.000262849  0.13
0.000267897  0.13
0.000273042  0.13
0.000278285  0.13
0.000283629  0.13
0.000289076  0.13
0.000294627  0.13
0.000300286  0.13
0.000306052  0.13
0.00031193  0.13
0.00031792  0.13
0.000324025  0.13
0.000330248  0.13
0.00033659  0.13
0.000343054  0.13
0.000349642  0.13
0.000356356  0.13
0.0003632  0.13
0.000370175  0.13
0.000377284  0.13
0.000384529  0.13
0.000391914  0.13
0.00039944  0.13
0.000407111  0.13
0.000414929  0.13
0.000422897  0.13
0.000431019  0.13
0.000439296  0.13
0.000447732  0.13
0.00045633  0.13
0.000465094  0.13
0.000474025  0.13
0.000483129  0.13
0.000492407  0.13
0.000501863  0.13
0.000511501  0.13
0.000521323  0.13
0.000531335  0.13
0.000541539  0.13
0.000551938  0.13
0.000562538  0.13
0.000573341  0.13
0.000584351  0.13
0.000595573  0.13
0.000607011  0.13
0.000618668  0.13
0.000630549  0.13
0.000642658  0.13
0.000654999  0.13
0.000667578  0.13
0.000680398  0.13
0.000693465  0.13
0.000706782  0.13
0.000720355  0.13
0.000734189  0.13
0.000748288  0.13
0.000762658  0.13
0.000777304  0.13
0.000792232  0.13
0.000807446  0.13
0.000822952  0.13
0.000838756  0.13
0.000854863  0.13
0.00087128  0.13
0.000888012  0.13
0.000905066  0.13
0.000922447  0.13
0.000940161  0.13
0.000958216  0.13
0.000976618  0.13
0.000995373  0.13
0.001014488  0.13
0.00103397  0.13
0.001053827  0.13
0.001074064  0.13
0.001094691  0.13
0.001115713  0.13
0.001137139  0.13
0.001158977  0.13
0.001181234  0.13
0.001203919  0.13
0.001227039  0.13
0.001250603  0.13
0.001274619  0.13
0.001299097  0.13
0.001324045  0.13
0.001349472  0.13
0.001375388  0.13
0.001401801  0.13
0.001428721  0.13
0.001456158  0.13
0.001484122  0.13
0.001512623  0.13
0.001541672  0.13
0.001571278  0.13
0.001601453  0.13
0.001632207  0.13
0.001663552  0.13
0.001695499  0.13
0.001728059  0.13
0.001761245  0.13
0.001795068  0.13
0.001829541  0.13
0.001864675  0.13
0.001900485  0.13
0.001936982  0.13
0.001974179  0.13
0.002012092  0.13
0.002050732  0.13
0.002090114  0.13
0.002130253  0.13
0.002171162  0.13
0.002212857  0.13
0.002255353  0.13
0.002298665  0.13
0.002342809  0.13
0.0023878  0.13
0.002433655  0.13
0.002480391  0.13
0.002528025  0.13
0.002576573  0.13
0.002626054  0.13
0.002676485  0.13
0.002727884  0.13
0.002773207  0.13
0.00278027  0.13
0.002833663  0.13
0.002842076  0.13
0.00288808  0.13
0.002943543  0.13
0.003000071  0.13
0.003006938  0.13
0.003057685  0.13
0.003116405  0.13
0.003174076  0.13
0.003176252  0.13
0.003237249  0.13
0.003299417  0.13
0.003362779  0.13
0.003362998  0.13
0.003427358  0.13
0.003493177  0.13
0.00356026  0.13
0.00359016  0.13
0.003628632  0.13
0.003698316  0.13
0.003769339  0.13
0.003816175  0.13
0.003841725  0.13
0.003915502  0.13
0.003990695  0.13
0.004066779  0.13
0.004067333  0.13
0.004145442  0.13
0.004225051  0.13
0.004306189  0.13
0.004357077  0.13
0.004388885  0.13
0.00447317  0.13
0.004559072  0.13
0.004646625  0.13
0.004650343  0.13
0.004735859  0.13
0.004826807  0.13
0.004919501  0.13
0.004968305  0.13
0.005013975  0.13
0.005110264  0.1275309622
0.005208401  0.121290997
0.005308424  0.1153563472
0.005325829  0.1153563472
0.005410367  0.1097509556
0.005514268  0.1045441908
0.005620164  0.09958444344
0.00570344  0.09958444344
0.005728093  0.0948599946
0.005838096  0.09050366221
0.005950211  0.08641434359
0.006064479  0.08250979681
0.006102368  0.08250979681
0.006180941  0.0788084855
0.00629964  0.07537048596
0.006420619  0.07208246825
0.006518014  0.07208246825
0.006543921  0.06893788945
0.00666959  0.06617927313
0.006797673  0.06360391841
0.006928216  0.06112878317
0.006959038  0.06112878317
0.007061266  0.05877912929
0.007196871  0.05668225127
0.00733508  0.05466017696
0.00745501  0.05466017696
0.007475943  0.05271023784
0.007619511  0.05096771491
0.007765836  0.04944237299
0.007914972  0.04796268092
0.00799732  0.04796268092
0.008066971  0.04652727249
0.00822189  0.04538854893
0.008379783  0.04433163382
0.008540709  0.04329932997
0.008569745  0.04329932997
0.008704725  0.04236445596
0.00887189  0.04176992461
0.009042267  0.04118373675
0.009183731  0.04118373675
0.009215915  0.04060577529
0.009392897  0.04035544067
0.009573279  0.04031579469
0.009757124  0.04027618766
0.00983081  0.04027618766
0.0099445  0.04024005217
0.01  0.04024005217
0.010135475  0.04024005217
0.010330117  0.04024005217
0.010511129  0.04024005217
0.010528497  0.04024005217
0.010730686  0.04024005217
0.010936759  0.04024005217
0.011146789  0.04030124805
0.01125587  0.04101308908
0.011360852  0.04101308908
0.011428571  0.04173750336
0.011579026  0.04173750336
0.01180139  0.04247471297
0.011972033  0.04380127976
0.012028025  0.04380127976
0.012259011  0.04580123486
0.012494434  0.0478925074
0.01251035  0.04953380259
0.012734377  0.05050037799
0.012857143  0.05464002923
0.0129046  0.05464002923
0.012978929  0.05464002923
0.013203028  0.05911901877
0.013228176  0.05911901877
0.013442342  0.06598724872
0.013482211  0.06598724872
0.013641366  0.07136044413
0.013741123  0.07460674283
0.013843337  0.08518566368
0.014005008  0.08668042126
0.014071259  0.1003877849
0.014273961  0.1032561688
0.014324008  0.1154516459
0.014548079  0.1255214929
0.014600437  0.1366651778
0.014693878  0.1558971398
0.014827461  0.1558971398
0.014882201  0.1644672069
0.015112208  0.1922957186
0.015227505  0.2093711823
0.015402423  0.2023231871
0.015698212  0.191066157
0.015878698  0.191066157
0.015999681  0.1804354551
0.016122449  0.1783134186
0.016306939  0.1703962332
0.016540372  0.1674418106
0.016620098  0.1609155822
0.016939271  0.1512393428
0.01700599  0.1498235893
0.017264573  0.1415381381
0.017365204  0.1415381381
0.017574725  0.1415381381
0.017596123  0.1324592145
0.017755102  0.1324592145
0.017811457  0.1324592145
0.017934039  0.1239626558
0.017982502  0.1239626558
0.018278445  0.1160111064
0.018629465  0.1091595418
0.018987226  0.1037420146
0.019351857  0.09859335627
0.019591837  0.09859335627
0.019723491  0.09370022299
0.020102261  0.08904993319
0.020488306  0.08463043467
0.020881764  0.08032948246
0.021282778  0.07619545426
0.021691493  0.0722741772
0.021836735  0.0722741772
0.022108057  0.06855470239
0.022532621  0.06491028363
0.022965338  0.06129707956
0.023406365  0.057885003
0.023673469  0.057885003
0.023855862  0.05466285826
0.024313991  0.05162007289
0.024780918  0.04874666289
0.025256811  0.0458791228
0.025741844  0.04297527836
0.026236191  0.04025522803
0.026530612  0.04025522803
0.026740032  0.03770733886
0.027253548  0.03532071419
0.027776926  0.03343590412
0.028310355  0.03175056262
0.028854028  0.030150171
0.028979592  0.030150171
0.029408142  0.02863044734
0.029972897  0.02718732557
0.030548497  0.02579869078
0.031135152  0.02438946237
0.031733072  0.02305721169
0.032244898  0.02305721169
0.032342475  0.02179773391
0.032963581  0.02060705388
0.033596615  0.01943961999
0.034241805  0.01832109835
0.034899386  0.01726693449
0.035102041  0.01726693449
0.035569595  0.01627342536
0.036252675  0.01533659207
0.036948872  0.01443062683
0.03765844  0.01357817889
0.038367347  0.01277608686
0.038381634  0.01277608686
0.039118716  0.01202137613
0.039869953  0.01133388945
0.040635617  0.01070997653
0.041415984  0.01012040904
0.041836735  0.01012040904
0.042211338  0.009563296318
0.043021966  0.009036851783
0.043848162  0.008530446865
0.044690223  0.008036182419
0.045548456  0.007570556255
0.046122449  0.007570556255
0.04642317  0.007131909037
0.047314682  0.006718677571
0.048223315  0.006330437486
0.049149397  0.005991221534
0.050093263  0.00567018244
0.051020408  0.00567018244
0.051055256  0.005366346198
0.052035723  0.005078790996
0.053035019  0.004803216814
0.054053505  0.004539403561
0.05509155  0.004290080062
0.055614105  0.004290080062
0.05614953  0.004054450478
0.057227828  0.003834335645
0.058326833  0.003628480621
0.059446943  0.003433677392
0.06  0.003433677392
0.060588564  0.003249332617
0.061752109  0.003074884811
0.062937999  0.002906008213
0.064146662  0.002745086185
0.065378537  0.002593075314
0.065714286  0.002593075314
0.066634068  0.002448999572
0.067913711  0.002311607007
0.069217928  0.002181922372
0.070204082  0.002181922372
0.070547192  0.00205951324
0.071901982  0.001944032494
0.07328279  0.001835373709
0.074690115  0.001732788245
0.075918367  0.001672999079
0.076124467  0.001633782915
0.077586364  0.001537256857
0.079076335  0.001446433687
0.08  0.001446433687
0.080594919  0.001360113267
0.082142667  0.001273942054
0.083720137  0.001193230296
0.085102041  0.001141055031
0.085327902  0.001119903334
0.086966541  0.001055692389
0.08863665  0.0009951630526
0.089795918  0.0009611872978
0.090338831  0.0009367683379
0.092073701  0.0008800062227
0.093841887  0.0008268283938
0.094897959  0.0007998236554
0.09564403  0.0007782489345
0.097480781  0.0007324159722
0.099183673  0.0007324159722
0.099352805  0.0006889725355
0.1  0.0006889725355
0.100394639  0.0006889725355
0.10126078  0.0006481059571
0.102722417  0.0006365563507
0.103205395  0.0006113782997
0.105187355  0.0005774071937
0.107207376  0.0005450447109
0.107808742  0.0005450447109
0.10926619  0.0005124121202
0.111364542  0.0004817332884
0.113261719  0.0004770196304
0.11350319  0.0004210207824
0.115682909  0.0003403308227
0.117904488  0.0003233638168
0.118262231  0.0003233638168
0.120168729  0.0003072426917
0.121908143  0.0003072426917
0.122476454  0.0002919252764
0.123691805  0.0002919252764
0.124828496  0.0002773715024
0.127225706  0.0002635432988
0.129611288  0.0002504044927
0.129668953  0.0002504044927
0.13215912  0.0002379207145
0.133812447  0.0002379207145
0.134697108  0.0002260593082
0.137283836  0.0002147892458
0.137917132  0.000213116696
0.139920239  0.0002040810462
0.142607272  0.0001939066979
0.143612723  0.0001939066979
0.145345907  0.0001842395862
0.145769151  0.0001842395862
0.147792039  0.0001842395862
0.148137134  0.0001750544231
0.150981965  0.0001669807288
0.153117597  0.0001669807288
0.153881427  0.0001595637199
0.156836571  0.0001524761624
0.15776706  0.0001524761624
0.157771965  0.0001524761624
0.159848466  0.0001457034224
0.162918201  0.0001392315164
0.163321451  0.0001384389927
0.166046888  0.0001333395528
0.167902264  0.0001321404019
0.169235658  0.0001301177474
0.172485665  0.0001269737885
0.17289838  0.0001269737885
0.175448369  0.0001269737885
0.175798085  0.0001239057953
0.177037539  0.0001239057953
0.179174118  0.0001209119322
0.179795918  0.000120783426
0.181903699  0.000120783426
0.182614983  0.0001185775494
0.186121927  0.0001163144745
0.18755102  0.0001163144745
0.189696219  9.847383231e-05
0.189795918  9.847383231e-05
0.189853161  9.847383231e-05
0.193339152  9.524484513e-05
0.193469388  9.524484513e-05
0.196734694  9.524484513e-05
0.197052043  9.212173744e-05
0.199588227  9.000175243e-05
0.2  9.000175243e-05
0.200836237  8.910103741e-05
0.202962588  8.910103741e-05
0.203673469  8.7017645e-05
0.204693103  8.617938705e-05
0.208624036  8.331752982e-05
0.211413744  8.331752982e-05
0.212630459  8.062035041e-05
0.215520249  8.051232715e-05
0.216713821  7.797678439e-05
0.220875601  7.51882316e-05
0.22093006  7.51882316e-05
0.225117303  7.11949821e-05
0.225289581  7.11949821e-05
0.229440463  6.741381422e-05
0.23041101  6.741381422e-05
0.233846645  6.383346429e-05
0.234188034  6.383346429e-05
0.235034194  6.383346429e-05
0.236074617  6.24587999e-05
0.238337444  6.035546948e-05
0.24058366  5.999707419e-05
0.242268842  5.999707419e-05
0.242914484  5.70119457e-05
0.247178199  5.421237482e-05
0.247579422  5.385364377e-05
0.249465297  5.315153693e-05
0.251879669  5.315153693e-05
0.252333946  5.087030291e-05
0.252836053  5.087030291e-05
0.256716358  5.038868981e-05
0.257179775  4.805223077e-05
0.261538462  4.795461693e-05
0.262118664  4.539027192e-05
0.263269292  4.499951697e-05
0.267152399  4.287577813e-05
0.268001966  4.256718801e-05
0.272282803  4.050058025e-05
0.272467669  4.050058025e-05
0.277511731  3.825696166e-05
0.278313736  3.825696166e-05
0.282051282  3.728318927e-05
0.282841075  3.613763326e-05
0.283523814  3.593988851e-05
0.287078284  3.593988851e-05
0.287359193  3.593988851e-05
0.288272765  3.413570971e-05
0.289795918  3.413570971e-05
0.293808765  3.22446871e-05
0.296348096  3.22446871e-05
0.299451078  3.045842185e-05
0.3  3.045842185e-05
0.305201746  2.877570247e-05
0.311062851  2.718675963e-05
0.317036512  2.568555538e-05
0.317988984  2.568555538e-05
0.321833722  2.568555538e-05
0.323124892  2.426724494e-05
0.324493064  2.426724494e-05
0.329330193  2.292725107e-05
0.334887335  2.292725107e-05
0.335654661  2.165506478e-05
0.342100584  2.046515381e-05
0.348670295  1.933510461e-05
0.355366171  1.82674547e-05
0.355400155  1.82674547e-05
0.3591539  1.82674547e-05
0.359153902  1.82674547e-05
0.359883297  1.82674547e-05
0.361626934  1.82674547e-05
0.362190635  1.725875852e-05
0.369146156  1.630576073e-05
0.374048174  1.630576073e-05
0.376235251  1.540538578e-05
0.383223924  1.505636136e-05
0.383460485  1.455472793e-05
0.39020979  1.414458472e-05
0.390824473  1.375104187e-05
0.398329879  1.299173393e-05
0.4  1.299173393e-05
0.401398601  1.299173393e-05
0.405979419  1.227435361e-05
0.409884275  1.227435361e-05
0.413775861  1.159658575e-05
0.41750547  1.159658575e-05
0.417560218  1.159658575e-05
0.421722027  1.09437884e-05
0.428280248  1.079088534e-05
0.42982079  1.037777145e-05
0.435894675  1.003552054e-05
0.436829837  1.003552054e-05
0.438075083  9.830356024e-06
0.446487892  9.311816132e-06
0.446657992  9.293858935e-06
0.448869438  9.293858935e-06
0.45506226  8.820628618e-06
0.457147824  8.820628618e-06
0.46045066  8.637905781e-06
0.46345733  8.452770695e-06
0.463801291  8.355350677e-06
0.471017871  8.252964031e-06
0.472708146  7.914615608e-06
0.473028545  7.914615608e-06
0.481585082  7.497128803e-06
0.481786049  7.493645761e-06
0.485339168  7.493645761e-06
0.489044289  7.493645761e-06
0.491038284  7.101663944e-06
0.493168074  7.101663944e-06
0.5  7.101663944e-06
0.5004682  6.727059398e-06
0.505827506  6.586531187e-06
0.507070707  6.586531187e-06
0.508679796  6.586531187e-06
0.510079207  6.372214807e-06
0.510162416  6.372214807e-06
0.519874785  6.036087858e-06
0.529858478  5.717691216e-06
0.530691531  5.717691216e-06
0.533799534  5.717691216e-06
0.540033898  5.416089628e-06
0.547296286  5.416089628e-06
0.550404727  5.130397174e-06
0.554312354  5.02743413e-06
0.557420357  5.02743413e-06
0.560974717  4.863361495e-06
0.567365967  4.727219442e-06
0.567987568  4.727219442e-06
0.571747694  4.612258478e-06
0.57979798  4.547736672e-06
0.580160467  4.547736672e-06
0.582727556  4.374120306e-06
0.584430156  4.374120306e-06
0.584770785  4.374120306e-06
0.586013986  4.374120306e-06
0.586889202  4.284200424e-06
0.593918275  4.148277582e-06
0.595959596  4.148277582e-06
0.596581197  4.148277582e-06
0.597684738  4.148277582e-06
0.6  4.056275378e-06
0.605323902  3.934095474e-06
0.608391608  3.934095474e-06
0.614607615  3.781421375e-06
0.616472416  3.781421375e-06
0.616948562  3.730971926e-06
0.621564027  3.692182802e-06
0.623310023  3.644507841e-06
0.624553225  3.644507841e-06
0.628796463  3.538335967e-06
0.633877234  3.490324257e-06
0.637232479  3.490324257e-06
0.64009324  3.490324257e-06
0.640871891  3.375118124e-06
0.644444444  3.328431073e-06
0.65003885  3.328431073e-06
0.653099927  3.220891569e-06
0.653179216  3.220891569e-06
0.655633256  3.220891569e-06
0.658697897  3.169933384e-06
0.663092463  3.125991371e-06
0.665722891  3.073712421e-06
0.666645078  3.073712421e-06
0.669308469  3.049640908e-06
0.678507456  2.933258647e-06
0.679254079  2.933258647e-06
0.682362082  2.889418207e-06
0.691537535  2.799222931e-06
0.695831767  2.799222931e-06
0.696037296  2.799222931e-06
0.7  2.73504518e-06
0.704817845  2.680666622e-06
0.707075128  2.680666622e-06
0.711577312  2.653502226e-06
0.712198912  2.653502226e-06
0.716280432  2.653502226e-06
0.71835319  2.579728968e-06
0.722766123  2.579728968e-06
0.727738928  2.51470956e-06
0.732148469  2.481380507e-06
0.739087377  2.450217557e-06
0.746208672  2.38678144e-06
0.746386946  2.38678144e-06
0.75011655  2.38678144e-06
0.760538888  2.295788827e-06
0.769803063  2.253080401e-06
0.77000777  2.253080401e-06
0.770099508  2.253080401e-06
0.772280581  2.253080401e-06
0.775144302  2.221929099e-06
0.77995338  2.221929099e-06
0.787412587  2.183609923e-06
0.78989899  2.154618673e-06
0.790030199  2.154618673e-06
0.7998446  2.127045838e-06
0.8  2.127045838e-06
0.805201965  2.091342672e-06
0.806060606  2.091342672e-06
0.807233379  2.091342672e-06
0.809524097  2.073716918e-06
0.811655012  2.071324567e-06
0.813519814  2.071324567e-06
0.820665091  2.028956332e-06
0.82968143  1.992581982e-06
0.834654235  1.975850297e-06
0.83642517  1.970307475e-06
0.836675951  1.970307475e-06
0.840870241  1.954750548e-06
0.843471918  1.954750548e-06
0.849928984  1.92636358e-06
0.852487907  1.918783923e-06
0.857031857  1.918783923e-06
0.857653458  1.918783923e-06
0.864815914  1.897322404e-06
0.868859113  1.868607712e-06
0.869463869  1.868607712e-06
0.871188913  1.865235552e-06
0.878787879  1.846172831e-06
0.881316366  1.846172831e-06
0.883760684  1.846172831e-06
0.885544712  1.82267784e-06
0.890598291  1.82267784e-06
0.896814297  1.82267784e-06
0.9  1.82267784e-06
0.902550742  1.82267784e-06
0.90986791  1.82267784e-06
0.917948718  1.82267784e-06
0.91863499  1.82267784e-06
0.919328957  1.82267784e-06
0.919883357  1.82267784e-06
0.921076902  1.82267784e-06
0.927894328  1.82267784e-06
0.936465102  1.82267784e-06
0.937548827  1.82267784e-06
0.939083139  1.82267784e-06
0.945920746  1.82267784e-06
0.952151714  1.82267784e-06
0.955553546  1.82267784e-06
0.95576886  1.82267784e-06
0.955866356  1.82267784e-06
0.95959596  1.82267784e-06
0.967676768  1.82267784e-06
0.972574763  1.82267784e-06
0.973904028  1.82267784e-06
0.976379176  1.82267784e-06
0.977622378  1.82267784e-06
0.979868709  1.82267784e-06
0.980730381  1.82267784e-06
0.982595183  1.82267784e-06
0.984459984  1.82267784e-06
0.986946387  1.82267784e-06
0.987567988  1.82267784e-06
0.988189588  1.82267784e-06
0.992606913  1.823852353e-06
0.99290273  1.823852353e-06
0.992997812  1.823852353e-06
0.995090675  1.83290543e-06
0.997299122  1.83290543e-06
0.998832969  1.83290543e-06
1  1.83290543e-06
1.01123268  1.84327817e-06
1.011668969  1.84327817e-06
1.01196207  1.84327817e-06
1.01206831  1.84327817e-06
1.016887646  1.856267021e-06
1.02889586  1.861494281e-06
1.031097094  1.862910891e-06
1.033670729  1.8655464e-06
1.04405543  1.8767651e-06
1.050898316  1.88275272e-06
1.05353756  1.88537523e-06
1.05718454  1.95022931e-06
1.067170471  1.95022931e-06
1.071079802  1.95022931e-06
1.07469001  1.95022931e-06
1.08338008  1.95022931e-06
1.091648854  1.95022931e-06
1.09511306  1.95022931e-06
1.1  1.95022931e-06
1.104304342  1.95022931e-06
1.10504572  1.95022931e-06
1.11115974  1.88537523e-06
1.112612915  1.88537523e-06
1.11276165  1.88537523e-06
1.12428884  1.88537523e-06
1.133979571  1.88537523e-06
1.13450036  1.88537523e-06
1.141438212  1.88537523e-06
1.14908826  1.88537523e-06
1.155756552  1.88537523e-06
1.17234599  1.88537523e-06
1.17461707  1.88537523e-06
1.177951739  1.88537523e-06
1.178572082  1.88537523e-06
1.18123978  1.88537523e-06
1.189100614  1.884221709e-06
1.19139314  1.884221709e-06
1.197792016  1.884221709e-06
1.2  1.884221709e-06
1.200573163  1.884221709e-06
1.206768411  1.884221709e-06
1.21181619  1.884221709e-06
1.215705953  1.884221709e-06
1.21765135  1.884221709e-06
1.22362901  1.814767751e-06
1.237345  1.796868844e-06
1.24240378  1.786234826e-06
1.24368495  1.786234826e-06
1.247127622  1.779238713e-06
1.249464017  1.777587535e-06
1.252839823  1.777587535e-06
1.25332483  1.777587535e-06
1.25922684  1.777587535e-06
1.271077502  1.777587535e-06
1.27964989  1.777587535e-06
1.28402626  1.777587535e-06
1.286597887  1.777587535e-06
1.289973693  1.777587535e-06
1.295487317  1.777587535e-06
1.3  1.777587535e-06
1.306008967  1.777587535e-06
1.30790007  1.777587535e-06
1.31539023  1.777587535e-06
1.320365898  1.777587535e-06
1.3213912  1.777587535e-06
1.321545829  1.777587535e-06
1.323731757  1.777587535e-06
1.34164843  1.777587535e-06
1.345722249  1.777587535e-06
1.34748359  1.777587535e-06
1.353117964  1.777587535e-06
1.360865628  1.777587535e-06
1.361547785  1.777587535e-06
1.36457169  1.777587535e-06
1.371565543  1.777587535e-06
1.37228301  1.777587535e-06
1.37811816  1.777587535e-06
1.38322392  1.777587535e-06
1.39781182  1.777587535e-06
1.397905134  1.777587535e-06
1.397999498  1.777587535e-06
1.401375305  2.048108285e-06
1.40393695  2.048108285e-06
1.41896426  2.048108285e-06
1.42334063  2.048108285e-06
1.42386881  2.048108285e-06
1.42475055  2.048108285e-06
1.435133369  2.05174589e-06
1.43551654  2.05174589e-06
1.438509175  2.05174589e-06
1.4408461  2.05174589e-06
1.44711309  2.05174589e-06
1.44886944  2.05174589e-06
1.450020298  2.05174589e-06
1.452111507  2.05174589e-06
1.47366885  2.05174589e-06
1.47439825  2.05174589e-06
1.475643045  2.05174589e-06
1.47812185  2.05174589e-06
1.479997905  2.05174589e-06
1.48460977  2.062697514e-06
1.48606856  2.062697514e-06
1.49773888  2.062697514e-06
1.49898717  2.062697514e-06
1.49938545  2.062697514e-06
1.50236327  2.062697514e-06
1.508419833  2.062697514e-06
1.508530403  2.062697514e-06
1.509401109  2.062697514e-06
1.512776916  2.062697514e-06
1.51962071  2.062697514e-06
1.52253829  2.062697514e-06
1.52817755  2.066060849e-06
1.52837345  2.066060849e-06
1.53056163  2.066060849e-06
1.53274982  2.066060849e-06
1.537387578  2.066060849e-06
1.54103572  2.066060849e-06
1.543159173  2.066060849e-06
1.54676661  2.066060849e-06
1.549910786  2.066060849e-06
1.56691162  2.491048282e-06
1.57032417  2.491048282e-06
1.57426761  2.491048282e-06
1.58366885  2.491048282e-06
1.58877641  2.491048282e-06
1.58940819  2.491048282e-06
1.597002643  2.491048282e-06
1.598168127  2.491048282e-06
1.59857066  2.491048282e-06
1.60027009  2.491048282e-06
1.60357383  3.017263054e-06
1.607299495  3.017263054e-06
1.60834719  3.017263054e-06
1.613375946  3.017263054e-06
1.61985145  3.017263054e-06
1.62080272  3.017263054e-06
1.621284979  3.017263054e-06
1.62457799  3.017263054e-06
1.627671534  3.017263054e-06
1.628116968  3.017263054e-06
1.633630785  3.017263054e-06
1.640494924  3.017263054e-06
1.647809172  3.878070666e-06
1.658929392  3.878070666e-06
1.690787527  3.878070666e-06
1.70087779  6.763582497e-06
1.723257467  5.361204841e-05
1.73531398  8.717331115e-05
1.756350961  8.211518613e-05
1.790079983  7.724640402e-05
1.80081026  7.675350888e-05
1.80148548  7.675350888e-05
1.810465979  7.675350888e-05
1.824456738  7.349649422e-05
1.83862255  7.349649422e-05
1.859493666  6.992465149e-05
1.895203444  6.652639609e-05
1.89601621  6.652639609e-05
1.89804186  6.652639609e-05
1.899882407  6.652639609e-05
1.931598994  6.329329189e-05
1.964269771  6.135272091e-05
1.968693485  6.075406822e-05
2  6.075406822e-05
2.00650034  5.918584302e-05
2.045033239  5.765809792e-05
2.06949329  5.710531847e-05
2.084306125  5.526628473e-05
2.118509785  5.526628473e-05
2.124333209  5.247506986e-05
2.165128974  4.982482485e-05
2.180353504  4.982482485e-05
2.206708183  4.730843004e-05
2.24908588  4.491912535e-05
2.2922774  4.264344457e-05
2.336298371  4.03955352e-05
2.381164722  3.826612226e-05
2.423619969  3.826612226e-05
2.426892689  3.624895935e-05
2.473498816  3.433812929e-05
2.478583363  3.433812929e-05
2.52099997  3.257465722e-05
2.569413337  3.111447103e-05
2.618756436  2.971973889e-05
2.660291204  2.971973889e-05
2.669047121  2.838752679e-05
2.72030359  2.711503221e-05
2.772544391  2.604739825e-05
2.825788425  2.510210839e-05
2.872120955  2.510210839e-05
2.88005496  2.419112417e-05
2.899857027  2.419112417e-05
2.935363631  2.333206303e-05
2.991734451  2.264504096e-05
3.049187819  2.198842134e-05
3.100997502  2.198842134e-05
3.107744523  2.151562807e-05
3.167425752  2.10228331e-05
3.224768802  2.10228331e-05
3.228253101  2.039876281e-05
3.29024858  1.991804675e-05
3.342560834  1.991804675e-05
3.353434623  1.991804675e-05
3.417834093  1.991804675e-05
3.469673827  1.991804675e-05
3.483470292  1.991804675e-05
3.514421099  1.991804675e-05
3.550366971  1.991804675e-05
3.618548336  1.991804675e-05
3.652155326  1.991804675e-05
3.688039059  1.991804675e-05
3.758864283  1.991804675e-05
3.831049637  1.991804675e-05
3.844234124  1.991804675e-05
3.904621241  2.022639855e-05
3.973288879  2.084004204e-05
3.979605717  2.084004204e-05
4.051806765  2.147230271e-05
4.056030197  2.147230271e-05
4.105012157  2.297999263e-05
4.133922336  2.297999263e-05
4.145374193  2.464287617e-05
4.158916203  2.464287617e-05
4.213310317  2.503552256e-05
4.213528078  2.503552256e-05
4.294222868  3.036014291e-05
4.310830099  3.563926865e-05
4.376689267  4.068132313e-05
4.426153295  4.547568321e-05
4.460739353  4.157565897e-05
4.512226947  4.03033593e-05
4.541755973  4.03033593e-05
4.546403539  3.830816446e-05
4.633712823  3.544404378e-05
4.722698798  3.279405989e-05
4.753941403  3.279405989e-05
4.813393662  3.051894281e-05
4.905830234  2.897815734e-05
5.00004196  2.751516028e-05
5.074373569  2.702406905e-05
5.096062932  2.626221736e-05
5.193927894  2.513587532e-05
5.293672257  2.406555991e-05
5.328793553  2.406555991e-05
5.395332115  2.312540052e-05
5.498944251  2.222196996e-05
5.595969698  2.222196996e-05
5.604546159  2.134896644e-05
5.712176049  2.078555612e-05
5.821872868  2.023390102e-05
5.933676307  1.969688702e-05
5.93432196  1.969688702e-05
6.047626824  1.92923783e-05
6.16376565  1.89857878e-05
6.28213481  1.868406957e-05
6.334315876  1.868406957e-05
6.402777135  1.838714619e-05
6.525736279  1.815729646e-05
6.651056735  1.805233527e-05
6.778783849  1.794798083e-05
6.864876847  1.793532285e-05
6.908963839  1.793532285e-05
7.04164381  1.793532285e-05
7.176871771  1.793532285e-05
7.193504339  1.793532285e-05
7.314696655  1.793532285e-05
7.455168332  1.793532285e-05
7.598337632  1.793532285e-05
7.744256359  1.795205445e-05
7.753568911  1.797112329e-05
7.892977315  1.797112329e-05
8.044554313  1.799021238e-05
8.199042201  1.800932175e-05
8.35649688  1.805091761e-05
8.516975323  1.809412917e-05
8.680535599  1.813744418e-05
8.847236893  1.818086287e-05
9.017139523  1.822438551e-05
9.100515505  1.826801233e-05
9.19030497  1.826801233e-05
9.366795891  1.831174359e-05
9.54667615  1.835557954e-05
9.730010835  1.83978385e-05
9.916866286  1.843861456e-05
10.10731012  1.8479481e-05
10.30141123  1.852043801e-05
10.49923988  1.856148579e-05
10.70086763  1.860262455e-05
10.81920835  1.864385449e-05
10.90636744  1.864385449e-05
11.11581369  1.868517581e-05
11.32928214  1.872658871e-05
11.54685005  1.877070391e-05
11.76859614  1.881851037e-05
11.99460065  1.886643858e-05
12.22494536  1.891448886e-05
12.45971362  1.896266151e-05
12.5772579  1.901095686e-05
12.69899037  1.901095686e-05
12.9428622  1.905937521e-05
13.19141736  1.910791687e-05
13.44474577  1.916412299e-05
13.70293912  1.92278699e-05
13.96609081  1.929182886e-05
14.11472085  1.935600057e-05
14.23429609  1.935600057e-05
14.50765198  1.942038573e-05
14.78625741  1.948498507e-05
15.07021319  1.956708211e-05
15.35962206  1.967132567e-05
15.53856465  1.977612459e-05
15.65458875  1.977612459e-05
15.95521999  1.988148182e-05
16.26162457  1.998740034e-05
16.57391335  2.009207475e-05
16.85112481  2.01944672e-05
16.89219933  2.01944672e-05
17.21659768  2.029738145e-05
17.54722579  2.040082018e-05
17.8842033  2.050583076e-05
18.22765213  2.0618538e-05
18.57769657  2.073186472e-05
18.83163857  2.084581432e-05
18.93446327  2.084581432e-05
19.29808133  2.096039023e-05
19.66868233  2.107559589e-05
20.04640035  2.12090063e-05
20.43137209  2.138741254e-05
20.82373684  2.15673195e-05
21.22363657  2.174873981e-05
21.59124176  2.193168619e-05
21.63121599  2.193168619e-05
22.04662258  2.211617148e-05
22.47000665  2.230220863e-05
22.9015214  2.248783222e-05
23.34132298  2.26564885e-05
23.78957052  2.282640968e-05
23.96643289  2.299760525e-05
24.24642622  2.299760525e-05
24.7120554  2.317008477e-05
25.18662653  2.334385787e-05
25.67031134  2.352797706e-05
25.69466356  2.371936242e-05
26.16328485  2.371936242e-05
26.66572544  2.391230458e-05
27.17781491  2.41068162e-05
27.69973857  2.417369246e-05
27.74813636  2.423397536e-05
28.23168527  2.423397536e-05
28.77384749  2.429440858e-05
29.32642141  2.435499251e-05
29.88960698  2.43908754e-05
30.46360798  2.442429766e-05
31.04863212  2.445776571e-05
31.64489108  2.449127962e-05
32.25260062  2.452483946e-05
32.56475952  2.455844528e-05
32.87198063  2.455844528e-05
33.50325524  2.459209715e-05
34.14665286  2.462579513e-05
34.80240632  2.465582845e-05
35.47075288  2.468208782e-05
36.15193439  2.470837515e-05
36.84619734  2.473469048e-05
37.55379294  2.476103384e-05
37.98218388  2.478740526e-05
38.27497722  2.478740526e-05
39.01001115  2.481380476e-05
39.7591607  2.484023238e-05
40.52269694  2.490603864e-05
41.01765392  2.503041187e-05
41.30089616  2.503041187e-05
42.09403994  2.515540618e-05
42.90241528  2.528102468e-05
43.72631468  2.549729981e-05
44.56603628  2.587639528e-05
45.42188392  2.626112716e-05
46.29416728  2.665157926e-05
46.31507585  2.665157926e-05
47.18320201  2.704783663e-05
48.08930978  2.744998558e-05
49.01281848  2.785811371e-05
49.95406227  2.866413267e-05
50.90950412  2.950334436e-05
50.91338174  2.950334436e-05
51.89112401  3.0367126e-05
52.88764288  3.125619693e-05
53.81188272  3.216758059e-05
53.90329893  3.216758059e-05
54.93845967  3.379736735e-05
55.99349967  3.550272968e-05
56.50991394  3.713068298e-05
57.06880069  3.735581972e-05
58.16475183  3.997419006e-05
58.53338734  4.277608904e-05
59.28174965  4.277608904e-05
60.42019834  4.608209075e-05
61.58050983  4.995483683e-05
62.40643798  5.513475571e-05
62.76310399  5.513475571e-05
63.96840872  6.139790661e-05
64.59491042  6.837253357e-05
65.19686016  6.837253357e-05
66.44890282  7.692465581e-05
67.72498976  8.864744002e-05
67.97205146  9.532975714e-05
69.02558271  0.0001039929497
70.25981605  0.0001243000153
70.35115228  0.0001243000153
71.62336639  0.0001485725124
71.70217815  0.0001485725124
72.54706999  0.0001849294199
73.07914915  0.0001849294199
73.4826863  0.000228803712
74.48256355  0.0002328081822
74.90878371  0.0002957670097
75.91292918  0.0003014425852
76.11831743  0.000369091721
77.3473812  0.0004211900957
77.37076359  0.0004211900957
78.34490559  0.0005794140644
78.85659429  0.0005794140644
79.35529472  0.0008125253241
80.37095895  0.0008125253241
